File,Mw,Lon,Lat,Depth
tamtam_nuevo.000000.log,6.9775,167.11173,-14.471466,49.6
tamtam_nuevo.000001.log,6.6202,167.841209,-16.626101,45.65
tamtam_nuevo.000002.log,7.0524,166.943083,-15.14001,25.86
tamtam_nuevo.000003.log,7.3144,169.626852,-21.199271,27.09
tamtam_nuevo.000004.log,6.9351,167.782362,-18.430268,10.94
tamtam_nuevo.000005.log,6.949,167.487282,-17.499187,9.9
tamtam_nuevo.000006.log,6.7358,167.192912,-15.452773,37.51
tamtam_nuevo.000007.log,6.8746,167.866639,-16.848676,41.59
tamtam_nuevo.000008.log,7.0022,167.291945,-17.477722,6.12
tamtam_nuevo.000009.log,7.1618,169.775443,-21.506947,22.25
tamtam_nuevo.000010.log,6.9636,168.205995,-17.632319,52.58
tamtam_nuevo.000011.log,6.7265,166.783855,-15.926207,11.07
tamtam_nuevo.000012.log,7.144,169.490938,-20.461004,53.59
tamtam_nuevo.000013.log,6.9076,167.167955,-16.689456,11.64
tamtam_nuevo.000014.log,6.586,167.72413,-18.008922,12.37
tamtam_nuevo.000015.log,6.9158,168.948389,-20.169109,23.2
tamtam_nuevo.000016.log,6.7954,167.296668,-17.15974,8.53
tamtam_nuevo.000017.log,6.816,167.471549,-16.656664,21.82
tamtam_nuevo.000018.log,7.1682,167.942928,-17.708642,26.38
tamtam_nuevo.000019.log,6.9803,166.912613,-15.934476,14.38
tamtam_nuevo.000020.log,6.9262,166.837901,-16.327544,8.73
tamtam_nuevo.000021.log,6.9476,167.898049,-16.58772,50.65
tamtam_nuevo.000022.log,6.9737,169.710118,-21.542173,18.06
tamtam_nuevo.000023.log,6.7835,167.200097,-15.531297,36.18
tamtam_nuevo.000024.log,7.1174,168.199122,-19.309364,12.65
tamtam_nuevo.000025.log,6.7408,166.459221,-14.987976,8.35
tamtam_nuevo.000026.log,6.852,169.283819,-21.756133,5.89
tamtam_nuevo.000027.log,7.0018,169.848973,-21.367278,34.48
tamtam_nuevo.000028.log,6.8105,169.275775,-21.300111,10.75
tamtam_nuevo.000029.log,7.0511,167.034874,-15.206969,31.13
tamtam_nuevo.000030.log,6.8176,167.230801,-15.051174,46.76
tamtam_nuevo.000031.log,6.9082,167.962228,-17.919275,23.31
tamtam_nuevo.000032.log,6.6909,168.040296,-17.205675,48.11
tamtam_nuevo.000033.log,6.9471,167.449025,-18.058534,6.77
tamtam_nuevo.000034.log,7.0402,167.143927,-17.147261,6.57
tamtam_nuevo.000035.log,6.9175,167.91386,-16.964638,42.45
tamtam_nuevo.000036.log,7.1206,168.660326,-20.030247,14.68
tamtam_nuevo.000037.log,6.8276,167.361879,-16.568838,18.92
tamtam_nuevo.000038.log,6.8488,169.537695,-21.644932,11.14
tamtam_nuevo.000039.log,7.0671,169.617981,-20.835498,43.53
tamtam_nuevo.000040.log,7.1767,167.283957,-17.310872,6.59
tamtam_nuevo.000041.log,6.81,167.984547,-16.759418,53.52
tamtam_nuevo.000042.log,6.984,170.243354,-21.794721,32.84
tamtam_nuevo.000043.log,6.8108,167.979778,-17.492959,34.43
tamtam_nuevo.000044.log,6.9725,166.568722,-15.193263,10.47
tamtam_nuevo.000045.log,6.921,169.652053,-21.722101,12.28
tamtam_nuevo.000046.log,6.7167,167.449025,-18.058534,6.77
tamtam_nuevo.000047.log,6.8427,167.808524,-16.252049,52.18
tamtam_nuevo.000048.log,7.0276,169.453884,-20.575898,43.43
tamtam_nuevo.000049.log,7.2153,169.302941,-21.578112,7.56
tamtam_nuevo.000050.log,6.8943,169.089337,-19.919946,43.37
tamtam_nuevo.000051.log,6.8705,167.090958,-15.094962,35.64
tamtam_nuevo.000052.log,6.946,167.090958,-15.094962,35.64
tamtam_nuevo.000053.log,7.2733,167.978148,-17.37914,37.33
tamtam_nuevo.000054.log,6.9718,167.911869,-16.89551,44.04
tamtam_nuevo.000055.log,6.9858,166.997167,-16.2066,13.12
tamtam_nuevo.000056.log,7.3714,166.509566,-16.133529,5.32
tamtam_nuevo.000057.log,6.9543,166.670973,-15.017797,13.96
tamtam_nuevo.000058.log,6.9582,168.284271,-19.098798,18.33
tamtam_nuevo.000059.log,6.7667,166.848007,-15.894289,13.02
tamtam_nuevo.000060.log,7.0777,166.898723,-14.741446,24.79
tamtam_nuevo.000061.log,6.7931,170.110651,-21.479687,46.13
tamtam_nuevo.000062.log,7.2616,168.133676,-18.121019,31.17
tamtam_nuevo.000063.log,6.9808,167.91386,-16.964638,42.45
tamtam_nuevo.000064.log,7.1748,167.249277,-16.714063,13.31
tamtam_nuevo.000065.log,6.9689,167.18583,-14.782691,46.67
tamtam_nuevo.000066.log,6.7872,169.223345,-21.230793,10.74
tamtam_nuevo.000067.log,6.9988,167.81427,-18.186202,13.75
tamtam_nuevo.000068.log,6.6476,167.291945,-17.477722,6.12
tamtam_nuevo.000069.log,6.869,169.353265,-21.011525,18.34
tamtam_nuevo.000070.log,7.2122,167.922335,-17.295694,34.81
tamtam_nuevo.000071.log,7.0662,166.449336,-14.930103,8.07
tamtam_nuevo.000072.log,7.371,169.240531,-20.43982,33.09
tamtam_nuevo.000073.log,6.8372,166.438721,-15.374909,7.16
tamtam_nuevo.000074.log,6.8921,167.464583,-17.292585,10.22
tamtam_nuevo.000075.log,6.949,167.922335,-17.295694,34.81
tamtam_nuevo.000076.log,6.8906,169.671014,-21.850973,10.37
tamtam_nuevo.000077.log,7.0653,169.1069,-21.119131,10.11
tamtam_nuevo.000078.log,6.8692,167.879274,-18.561595,12.47
tamtam_nuevo.000079.log,7.1164,167.074222,-14.314698,52.25
tamtam_nuevo.000080.log,7.2631,169.912137,-21.380903,37.81
tamtam_nuevo.000081.log,7.0613,167.567679,-15.796682,47.77
tamtam_nuevo.000082.log,6.8485,166.892838,-15.082808,23.01
tamtam_nuevo.000083.log,7.296,167.200097,-15.531297,36.18
tamtam_nuevo.000084.log,7.1832,167.895914,-17.940442,18.96
tamtam_nuevo.000085.log,6.916,169.315889,-20.567495,33.2
tamtam_nuevo.000086.log,6.9617,169.626852,-21.199271,27.09
tamtam_nuevo.000087.log,6.9825,168.957854,-19.943498,32.23
tamtam_nuevo.000088.log,7.4168,167.305157,-15.414667,45.37
tamtam_nuevo.000089.log,7.1931,167.11173,-14.471466,49.6
tamtam_nuevo.000090.log,6.8911,169.617981,-20.835498,43.53
tamtam_nuevo.000091.log,7.1641,166.658627,-15.915239,8.56
tamtam_nuevo.000092.log,7.3784,169.063174,-20.999873,10.85
tamtam_nuevo.000093.log,7.0949,167.230727,-17.420095,4.93
tamtam_nuevo.000094.log,7.0634,167.61198,-17.462985,13.49
tamtam_nuevo.000095.log,7.1018,168.796309,-19.385074,41.34
tamtam_nuevo.000096.log,6.9361,168.12954,-19.180336,12.57
tamtam_nuevo.000097.log,7.1917,168.205995,-17.632319,52.58
tamtam_nuevo.000098.log,6.942,167.23473,-17.344486,5.36
tamtam_nuevo.000099.log,7.0122,167.451244,-17.647061,8.66
tamtam_nuevo.000100.log,6.9297,168.845774,-20.00557,22.32
tamtam_nuevo.000101.log,6.8922,167.596168,-17.173139,16.2
tamtam_nuevo.000102.log,7.0779,167.670672,-15.97819,49.07
tamtam_nuevo.000103.log,7.1749,167.550884,-18.347694,7.56
tamtam_nuevo.000104.log,7.208,166.802087,-14.479613,22.74
tamtam_nuevo.000105.log,7.0573,167.161555,-17.23904,5.57
tamtam_nuevo.000106.log,7.1076,167.830257,-18.839496,9.25
tamtam_nuevo.000107.log,6.9517,167.54021,-17.035274,16.61
tamtam_nuevo.000108.log,6.9733,169.851282,-21.902013,12.87
tamtam_nuevo.000109.log,7.125,167.830257,-18.839496,9.25
tamtam_nuevo.000110.log,7.0327,169.697433,-21.308921,27.03
tamtam_nuevo.000111.log,7.2886,167.131519,-16.865974,9.2
tamtam_nuevo.000112.log,6.6207,168.643593,-20.170009,12.27
tamtam_nuevo.000113.log,7.2419,169.572023,-21.247124,21.16
tamtam_nuevo.000114.log,6.9932,168.007262,-19.152578,10.1
tamtam_nuevo.000115.log,6.8837,167.741764,-17.880312,13.98
tamtam_nuevo.000116.log,7.0357,167.40415,-17.593198,8.05
tamtam_nuevo.000117.log,6.9019,169.283819,-21.756133,5.89
tamtam_nuevo.000118.log,7.1749,169.949503,-21.589354,28.44
tamtam_nuevo.000119.log,7.1409,166.943083,-15.14001,25.86
tamtam_nuevo.000120.log,7.1015,168.007036,-18.061087,23.52
tamtam_nuevo.000121.log,7.0707,167.850442,-18.416901,12.76
tamtam_nuevo.000122.log,7.1559,168.791776,-20.062388,18.34
tamtam_nuevo.000123.log,7.1402,169.196387,-21.013302,13.72
tamtam_nuevo.000124.log,7.2438,169.572023,-21.247124,21.16
tamtam_nuevo.000125.log,7.231,169.266248,-20.883498,18.31
tamtam_nuevo.000126.log,7.2828,167.117941,-16.740362,10.06
tamtam_nuevo.000127.log,7.1975,168.308122,-19.863386,8.95
tamtam_nuevo.000128.log,7.2067,167.917965,-18.714939,12.15
tamtam_nuevo.000129.log,7.0442,169.893249,-21.542695,27.72
tamtam_nuevo.000130.log,7.4617,169.13084,-21.288777,8.45
tamtam_nuevo.000131.log,7.0769,169.188723,-21.090923,12.23
tamtam_nuevo.000132.log,7.3662,166.994464,-14.033699,52.88
tamtam_nuevo.000133.log,6.9486,167.569548,-15.736617,49.77
tamtam_nuevo.000134.log,7.1471,169.412196,-21.380623,12.54
tamtam_nuevo.000135.log,7.1723,167.682266,-17.443421,16.31
tamtam_nuevo.000136.log,7.0377,167.262198,-17.246196,6.91
tamtam_nuevo.000137.log,7.2348,169.436911,-21.662142,8.88
tamtam_nuevo.000138.log,7.2786,167.838895,-17.075182,33.43
tamtam_nuevo.000139.log,6.8183,167.979778,-17.492959,34.43
tamtam_nuevo.000140.log,7.2308,166.459221,-14.987976,8.35
tamtam_nuevo.000141.log,7.1838,167.569548,-15.736617,49.77
tamtam_nuevo.000142.log,7.0855,166.935058,-14.415486,34.26
tamtam_nuevo.000143.log,6.8596,166.690675,-14.20373,21.58
tamtam_nuevo.000144.log,6.9791,169.537695,-21.644932,11.14
tamtam_nuevo.000145.log,7.0198,168.008809,-18.374819,18.35
tamtam_nuevo.000146.log,7.1641,168.065133,-19.213704,10.69
tamtam_nuevo.000147.log,7.0563,169.275775,-21.300111,10.75
tamtam_nuevo.000148.log,6.8128,169.756423,-21.010501,46.65
tamtam_nuevo.000149.log,7.2046,166.316303,-15.075519,5.87
tamtam_nuevo.000150.log,7.3843,169.302941,-21.578112,7.56
tamtam_nuevo.000151.log,7.0201,168.36703,-18.813796,29.3
tamtam_nuevo.000152.log,6.9522,166.741538,-14.861954,16.42
tamtam_nuevo.000153.log,7.0423,167.737312,-18.882574,7.61
tamtam_nuevo.000154.log,6.9404,169.510978,-21.126647,22.24
tamtam_nuevo.000155.log,7.1893,167.507542,-16.371435,31.05
tamtam_nuevo.000156.log,7.1951,167.610457,-16.164906,41.4
tamtam_nuevo.000157.log,7.0528,167.946504,-17.580487,29.55
tamtam_nuevo.000158.log,6.955,169.628031,-20.990211,36.45
tamtam_nuevo.000159.log,7.1386,166.824026,-14.271785,29.57
tamtam_nuevo.000160.log,7.2934,170.027707,-21.977559,15.02
tamtam_nuevo.000161.log,7.0258,168.234492,-17.719682,52.84
tamtam_nuevo.000162.log,7.2224,167.841209,-16.626101,45.65
tamtam_nuevo.000163.log,7.2032,166.301091,-15.36288,4.84
tamtam_nuevo.000164.log,7.13,168.125642,-19.090855,13.53
tamtam_nuevo.000165.log,7.2703,168.018277,-17.6753,33.05
tamtam_nuevo.000166.log,7.055,169.572023,-21.247124,21.16
tamtam_nuevo.000167.log,6.9583,166.887456,-14.62333,25.7
tamtam_nuevo.000168.log,7.4179,170.066083,-21.866801,19.35
tamtam_nuevo.000169.log,7.0918,167.307688,-15.772061,35.33
tamtam_nuevo.000170.log,6.9804,169.945209,-21.20143,53.0
tamtam_nuevo.000171.log,6.8,167.230727,-17.420095,4.93
tamtam_nuevo.000172.log,7.0465,166.943083,-15.14001,25.86
tamtam_nuevo.000173.log,7.2872,167.0896,-15.318972,33.46
tamtam_nuevo.000174.log,7.257,167.007802,-15.033919,30.38
tamtam_nuevo.000175.log,7.2786,167.18583,-14.782691,46.67
tamtam_nuevo.000176.log,7.3302,166.278067,-14.990714,5.29
tamtam_nuevo.000177.log,7.0797,167.458209,-15.587403,48.57
tamtam_nuevo.000178.log,6.8478,169.283819,-21.756133,5.89
tamtam_nuevo.000179.log,7.2222,167.132592,-14.372278,56.26
tamtam_nuevo.000180.log,7.2455,166.50994,-15.009493,9.49
tamtam_nuevo.000181.log,7.0952,169.626852,-21.199271,27.09
tamtam_nuevo.000182.log,7.2661,167.922335,-17.295694,34.81
tamtam_nuevo.000183.log,7.0833,169.338905,-20.831466,23.44
tamtam_nuevo.000184.log,7.1664,170.274332,-21.636534,46.67
tamtam_nuevo.000185.log,7.4636,168.215388,-18.983363,17.77
tamtam_nuevo.000186.log,7.0052,168.919184,-20.9966,8.58
tamtam_nuevo.000187.log,7.5012,170.533801,-21.865655,43.63
tamtam_nuevo.000188.log,7.0102,167.758191,-16.810696,34.64
tamtam_nuevo.000189.log,7.2743,167.37484,-16.061691,30.91
tamtam_nuevo.000190.log,6.9751,168.800004,-20.986714,7.34
tamtam_nuevo.000191.log,7.3709,167.248449,-14.915852,50.05
tamtam_nuevo.000192.log,7.1424,169.390249,-21.235208,14.78
tamtam_nuevo.000193.log,7.1696,168.007262,-19.152578,10.1
tamtam_nuevo.000194.log,7.0664,169.353265,-21.011525,18.34
tamtam_nuevo.000195.log,7.1635,168.19886,-19.22401,13.81
tamtam_nuevo.000196.log,7.1026,169.196387,-21.013302,13.72
tamtam_nuevo.000197.log,7.2603,167.00204,-14.632733,33.82
tamtam_nuevo.000198.log,7.2633,168.465394,-18.695864,39.25
tamtam_nuevo.000199.log,7.078,168.008809,-18.374819,18.35
tamtam_nuevo.000200.log,7.2943,167.259786,-15.563859,38.67
tamtam_nuevo.000201.log,7.2014,167.213187,-17.219465,6.57
tamtam_nuevo.000202.log,7.2407,170.020167,-21.873862,17.88
tamtam_nuevo.000203.log,7.3443,167.259786,-15.563859,38.67
tamtam_nuevo.000204.log,7.2732,167.343807,-15.290373,51.21
tamtam_nuevo.000205.log,6.8557,169.499795,-21.520572,12.26
tamtam_nuevo.000206.log,7.2866,167.951094,-16.870187,47.91
tamtam_nuevo.000207.log,7.1979,169.244349,-20.610593,26.53
tamtam_nuevo.000208.log,7.0448,168.426068,-19.965469,10.01
tamtam_nuevo.000209.log,7.2201,167.833069,-16.471502,49.0
tamtam_nuevo.000210.log,7.3055,168.125642,-19.090855,13.53
tamtam_nuevo.000211.log,7.2456,167.680435,-18.142462,10.52
tamtam_nuevo.000212.log,7.2176,166.510577,-15.321844,8.71
tamtam_nuevo.000213.log,7.1175,167.71507,-18.984379,6.85
tamtam_nuevo.000214.log,7.1686,168.12954,-19.180336,12.57
tamtam_nuevo.000215.log,7.3455,167.262198,-17.246196,6.91
tamtam_nuevo.000216.log,7.3367,169.889439,-21.488135,30.46
tamtam_nuevo.000217.log,7.5942,168.845204,-20.584886,11.75
tamtam_nuevo.000218.log,7.3059,169.244349,-20.610593,26.53
tamtam_nuevo.000219.log,7.1325,170.011334,-21.568094,33.37
tamtam_nuevo.000220.log,7.4564,167.007802,-15.033919,30.38
tamtam_nuevo.000221.log,7.1667,169.416281,-21.522057,10.27
tamtam_nuevo.000222.log,7.0667,169.893249,-21.542695,27.72
tamtam_nuevo.000223.log,7.4949,169.949503,-21.589354,28.44
tamtam_nuevo.000224.log,7.3548,167.672536,-16.248278,43.49
tamtam_nuevo.000225.log,7.1938,167.762634,-16.235357,49.45
tamtam_nuevo.000226.log,7.5994,167.117134,-14.964985,38.14
tamtam_nuevo.000227.log,7.2319,167.62871,-15.699696,54.16
tamtam_nuevo.000228.log,7.2506,168.107338,-17.951978,33.5
tamtam_nuevo.000229.log,7.2855,167.516493,-16.548304,27.29
tamtam_nuevo.000230.log,7.0311,168.391707,-20.246707,7.21
tamtam_nuevo.000231.log,7.3932,167.284763,-15.291159,47.15
tamtam_nuevo.000232.log,6.9465,167.585715,-18.243149,8.42
tamtam_nuevo.000233.log,7.3155,169.098968,-21.180819,9.21
tamtam_nuevo.000234.log,7.6767,168.101006,-18.267324,25.35
tamtam_nuevo.000235.log,7.2202,168.205995,-17.632319,52.58
tamtam_nuevo.000236.log,7.1214,168.512074,-18.670492,43.54
tamtam_nuevo.000237.log,7.4937,167.487282,-17.499187,9.9
tamtam_nuevo.000238.log,7.3723,167.143927,-17.147261,6.57
tamtam_nuevo.000239.log,7.2205,169.775443,-21.506947,22.25
tamtam_nuevo.000240.log,7.1005,168.072357,-17.339081,47.46
tamtam_nuevo.000241.log,7.3984,167.832289,-18.738201,10.03
tamtam_nuevo.000242.log,7.3283,167.814035,-17.46701,22.59
tamtam_nuevo.000243.log,7.3738,167.656696,-18.001166,10.69
tamtam_nuevo.000244.log,7.4001,166.65765,-15.987614,8.18
tamtam_nuevo.000245.log,7.4057,168.845774,-20.00557,22.32
tamtam_nuevo.000246.log,7.0078,167.37484,-16.061691,30.91
tamtam_nuevo.000247.log,7.2999,166.935703,-15.014745,25.87
tamtam_nuevo.000248.log,7.4376,167.731281,-16.949519,29.02
tamtam_nuevo.000249.log,7.2852,169.8253,-21.127718,46.2
tamtam_nuevo.000250.log,7.097,168.683012,-20.464464,9.83
tamtam_nuevo.000251.log,7.4749,166.544903,-15.496747,9.05
tamtam_nuevo.000252.log,7.4761,166.659192,-14.437128,16.01
tamtam_nuevo.000253.log,7.4544,166.242516,-14.069,6.6
tamtam_nuevo.000254.log,7.4376,167.417185,-16.534804,22.16
tamtam_nuevo.000255.log,7.578,167.645142,-17.753884,12.3
tamtam_nuevo.000256.log,7.2083,167.601878,-16.815227,24.61
tamtam_nuevo.000257.log,7.3456,167.336772,-17.060948,10.66
tamtam_nuevo.000258.log,7.66,167.762634,-16.235357,49.45
tamtam_nuevo.000259.log,7.0028,167.497869,-15.87326,41.82
tamtam_nuevo.000260.log,7.3755,168.643593,-20.170009,12.27
tamtam_nuevo.000261.log,7.4484,166.654376,-15.29271,12.52
tamtam_nuevo.000262.log,7.1871,166.756753,-14.151759,27.45
tamtam_nuevo.000263.log,7.3221,167.740604,-16.371243,45.29
tamtam_nuevo.000264.log,7.5279,167.672783,-18.386584,9.09
tamtam_nuevo.000265.log,7.3407,167.14524,-14.634093,46.67
tamtam_nuevo.000266.log,7.3084,168.044265,-19.071311,11.75
tamtam_nuevo.000267.log,7.3171,169.499795,-21.520572,12.26
tamtam_nuevo.000268.log,7.1662,169.572023,-21.247124,21.16
tamtam_nuevo.000269.log,7.3242,169.558515,-21.2577,19.86
tamtam_nuevo.000270.log,7.1574,167.951094,-16.870187,47.91
tamtam_nuevo.000271.log,7.1953,169.024008,-21.386922,6.32
tamtam_nuevo.000272.log,7.1443,170.509768,-21.943491,36.22
tamtam_nuevo.000273.log,7.3935,167.555131,-18.150909,8.22
tamtam_nuevo.000274.log,7.1735,169.128401,-20.976741,12.64
tamtam_nuevo.000275.log,7.2339,169.537695,-21.644932,11.14
tamtam_nuevo.000276.log,7.0623,166.561782,-15.710639,7.96
tamtam_nuevo.000277.log,7.3849,169.833726,-21.692406,17.87
tamtam_nuevo.000278.log,7.335,169.378949,-20.447791,43.49
tamtam_nuevo.000279.log,7.1962,168.044265,-19.071311,11.75
tamtam_nuevo.000280.log,7.1543,167.18305,-14.97752,43.38
tamtam_nuevo.000281.log,7.2682,166.967924,-16.296402,11.48
tamtam_nuevo.000282.log,7.3958,166.918978,-14.083816,42.95
tamtam_nuevo.000283.log,7.3456,169.154274,-21.232188,9.44
tamtam_nuevo.000284.log,7.5084,166.993618,-14.361625,41.35
tamtam_nuevo.000285.log,7.4816,169.196387,-21.013302,13.72
tamtam_nuevo.000286.log,7.426,166.550324,-14.95559,10.36
tamtam_nuevo.000287.log,7.3913,167.203506,-15.650501,33.35
tamtam_nuevo.000288.log,7.6409,169.499795,-21.520572,12.26
tamtam_nuevo.000289.log,7.3144,167.595907,-18.049045,9.26
tamtam_nuevo.000290.log,7.4039,168.12954,-19.180336,12.57
tamtam_nuevo.000291.log,7.4607,167.569543,-15.917262,44.64
tamtam_nuevo.000292.log,7.1538,169.683484,-20.883844,47.04
tamtam_nuevo.000293.log,7.4442,167.978148,-17.37914,37.33
tamtam_nuevo.000294.log,7.4849,168.731633,-20.016043,17.16
tamtam_nuevo.000295.log,7.3382,166.783855,-15.926207,11.07
tamtam_nuevo.000296.log,7.2914,167.895443,-19.128217,8.46
tamtam_nuevo.000297.log,7.1927,169.893249,-21.542695,27.72
tamtam_nuevo.000298.log,7.5227,167.118861,-15.661506,28.49
tamtam_nuevo.000299.log,7.3058,169.098968,-21.180819,9.21
tamtam_nuevo.000300.log,7.4781,168.007285,-17.600472,33.96
tamtam_nuevo.000301.log,7.4361,167.895443,-19.128217,8.46
tamtam_nuevo.000302.log,7.246,167.30664,-16.91287,12.18
tamtam_nuevo.000303.log,7.3881,168.182969,-17.75271,46.17
tamtam_nuevo.000304.log,7.5957,168.17189,-18.648098,21.52
tamtam_nuevo.000305.log,7.2223,169.697433,-21.308921,27.03
tamtam_nuevo.000306.log,7.5293,167.510269,-15.821387,43.96
tamtam_nuevo.000307.log,7.3852,167.666373,-16.082286,46.44
tamtam_nuevo.000308.log,7.1744,167.224104,-14.676109,53.33
tamtam_nuevo.000309.log,7.3188,166.340061,-14.072916,9.16
tamtam_nuevo.000310.log,7.752,167.884049,-16.508267,51.67
tamtam_nuevo.000311.log,7.4537,166.399198,-14.048685,11.42
tamtam_nuevo.000312.log,7.5898,168.203159,-19.04663,16.44
tamtam_nuevo.000313.log,7.3622,166.461272,-14.095316,13.05
tamtam_nuevo.000314.log,7.352,169.461575,-21.221336,17.31
tamtam_nuevo.000315.log,7.4003,168.253114,-18.942228,19.66
tamtam_nuevo.000316.log,7.8941,169.558515,-21.2577,19.86
tamtam_nuevo.000317.log,7.0636,168.948389,-20.169109,23.2
tamtam_nuevo.000318.log,7.2076,167.934865,-16.792342,48.44
tamtam_nuevo.000319.log,7.3666,166.347616,-14.447926,6.51
tamtam_nuevo.000320.log,7.2561,166.277233,-14.234532,6.38
tamtam_nuevo.000321.log,7.4746,167.608414,-18.104599,9.32
tamtam_nuevo.000322.log,7.2875,169.223345,-21.230793,10.74
tamtam_nuevo.000323.log,7.2397,167.359496,-17.257237,8.34
tamtam_nuevo.000324.log,7.166,168.586007,-19.792046,16.49
tamtam_nuevo.000325.log,7.1807,166.347616,-14.447926,6.51
tamtam_nuevo.000326.log,7.4368,170.000937,-21.493465,37.07
tamtam_nuevo.000327.log,7.3885,168.007262,-19.152578,10.1
tamtam_nuevo.000328.log,7.2397,169.863308,-21.615895,21.73
tamtam_nuevo.000329.log,7.3329,167.655976,-16.304127,41.36
tamtam_nuevo.000330.log,7.5376,166.690675,-14.20373,21.58
tamtam_nuevo.000331.log,7.3484,167.644546,-16.956663,23.26
tamtam_nuevo.000332.log,7.3383,167.359496,-17.257237,8.34
tamtam_nuevo.000333.log,7.6142,169.191102,-21.626944,5.62
tamtam_nuevo.000334.log,7.3706,167.284302,-16.260562,21.71
tamtam_nuevo.000335.log,7.1525,166.756753,-14.151759,27.45
tamtam_nuevo.000336.log,7.3426,168.471456,-19.351469,20.58
tamtam_nuevo.000337.log,7.7192,169.734897,-21.150517,37.03
tamtam_nuevo.000338.log,7.5069,169.959488,-21.352071,43.26
tamtam_nuevo.000339.log,7.3624,168.777941,-20.645124,9.83
tamtam_nuevo.000340.log,7.4927,168.276078,-19.186702,16.66
tamtam_nuevo.000341.log,7.122,169.600635,-20.750746,47.0
tamtam_nuevo.000342.log,7.329,166.550324,-14.95559,10.36
tamtam_nuevo.000343.log,7.6209,168.523261,-18.912733,36.91
tamtam_nuevo.000344.log,7.295,168.087664,-18.35131,22.64
tamtam_nuevo.000345.log,7.4725,167.387154,-17.377778,7.98
tamtam_nuevo.000346.log,7.4778,169.441937,-20.493715,46.92
tamtam_nuevo.000347.log,7.4764,170.110651,-21.479687,46.13
tamtam_nuevo.000348.log,7.4441,167.117134,-14.964985,38.14
tamtam_nuevo.000349.log,7.6108,168.929171,-20.710129,12.02
tamtam_nuevo.000350.log,7.4693,166.785897,-16.317242,7.97
tamtam_nuevo.000351.log,7.4278,169.848973,-21.367278,34.48
tamtam_nuevo.000352.log,7.4187,166.354708,-14.600297,5.99
tamtam_nuevo.000353.log,7.5977,167.40415,-17.593198,8.05
tamtam_nuevo.000354.log,7.2693,169.402254,-21.708745,7.81
tamtam_nuevo.000355.log,7.2568,168.465394,-18.695864,39.25
tamtam_nuevo.000356.log,7.6316,166.892838,-15.082808,23.01
tamtam_nuevo.000357.log,7.5224,167.031997,-14.392621,44.28
tamtam_nuevo.000358.log,7.2239,167.519075,-15.915407,41.82
tamtam_nuevo.000359.log,7.1529,169.697433,-21.308921,27.03
tamtam_nuevo.000360.log,7.3549,169.258613,-21.504998,7.67
tamtam_nuevo.000361.log,7.572,167.651197,-18.452466,8.47
tamtam_nuevo.000362.log,7.2584,167.453465,-18.27702,6.63
tamtam_nuevo.000363.log,7.6471,168.465394,-18.695864,39.25
tamtam_nuevo.000364.log,7.4336,167.445361,-16.835071,17.21
tamtam_nuevo.000365.log,7.6683,167.834281,-16.707293,42.97
tamtam_nuevo.000366.log,7.5812,167.596168,-17.173139,16.2
tamtam_nuevo.000367.log,7.4835,168.12954,-19.180336,12.57
tamtam_nuevo.000368.log,7.4131,168.19886,-19.22401,13.81
tamtam_nuevo.000369.log,7.6299,170.066083,-21.866801,19.35
tamtam_nuevo.000370.log,7.6194,167.074826,-16.597037,10.76
tamtam_nuevo.000371.log,7.4612,167.296668,-17.15974,8.53
tamtam_nuevo.000372.log,7.8912,166.961803,-14.236401,42.66
tamtam_nuevo.000373.log,7.4473,167.830257,-18.839496,9.25
tamtam_nuevo.000374.log,7.4579,167.230727,-17.420095,4.93
tamtam_nuevo.000375.log,7.5681,166.670973,-15.017797,13.96
tamtam_nuevo.000376.log,7.5316,166.869786,-14.791442,22.54
tamtam_nuevo.000377.log,7.8508,167.0896,-15.318972,33.46
tamtam_nuevo.000378.log,7.5794,167.292785,-16.178828,23.97
tamtam_nuevo.000379.log,7.2914,170.164757,-21.97274,18.79
tamtam_nuevo.000380.log,7.5177,167.242055,-15.808418,31.01
tamtam_nuevo.000381.log,7.6288,169.250698,-20.701125,23.25
tamtam_nuevo.000382.log,7.4358,166.918978,-14.083816,42.95
tamtam_nuevo.000383.log,8.0354,166.460156,-14.762693,8.09
tamtam_nuevo.000384.log,7.4195,167.292785,-16.178828,23.97
tamtam_nuevo.000385.log,7.6253,168.949112,-20.940846,9.58
tamtam_nuevo.000386.log,7.427,169.475264,-20.823368,33.02
tamtam_nuevo.000387.log,7.5418,167.567707,-17.736782,10.46
tamtam_nuevo.000388.log,7.4628,166.399198,-14.048685,11.42
tamtam_nuevo.000389.log,7.716,166.765593,-14.198426,27.07
tamtam_nuevo.000390.log,7.3378,169.154274,-21.232188,9.44
tamtam_nuevo.000391.log,7.3565,169.015064,-21.315883,6.87
tamtam_nuevo.000392.log,7.322,169.475264,-20.823368,33.02
tamtam_nuevo.000393.log,7.3262,170.110651,-21.479687,46.13
tamtam_nuevo.000394.log,7.7212,166.459221,-14.987976,8.35
tamtam_nuevo.000395.log,7.6138,169.941835,-21.790489,18.18
tamtam_nuevo.000396.log,7.5629,169.381662,-21.761361,7.16
tamtam_nuevo.000397.log,7.5858,166.871599,-14.095169,37.89
tamtam_nuevo.000398.log,7.2886,169.244349,-20.610593,26.53
tamtam_nuevo.000399.log,7.5897,168.194328,-18.936452,17.77
tamtam_nuevo.000400.log,7.9193,167.538695,-16.053185,39.74
tamtam_nuevo.000401.log,7.6966,168.705656,-20.398679,10.83
tamtam_nuevo.000402.log,7.5695,170.027707,-21.977559,15.02
tamtam_nuevo.000403.log,7.6946,169.302563,-20.317783,43.11
tamtam_nuevo.000404.log,7.4219,169.264433,-21.645171,6.47
tamtam_nuevo.000405.log,7.4895,166.302384,-14.121417,7.83
tamtam_nuevo.000406.log,7.8134,169.697433,-21.308921,27.03
tamtam_nuevo.000407.log,7.5659,167.96209,-16.996444,45.9
tamtam_nuevo.000408.log,7.3358,169.188723,-21.090923,12.23
tamtam_nuevo.000409.log,7.5616,168.20272,-19.545079,9.95
tamtam_nuevo.000410.log,7.5042,167.569548,-15.736617,49.77
tamtam_nuevo.000411.log,6.9864,169.588756,-21.906364,8.13
tamtam_nuevo.000412.log,7.4292,168.007262,-19.152578,10.1
tamtam_nuevo.000413.log,7.5288,167.946504,-17.580487,29.55
tamtam_nuevo.000414.log,7.4793,166.39819,-14.223727,9.48
tamtam_nuevo.000415.log,7.5913,168.065133,-19.213704,10.69
tamtam_nuevo.000416.log,7.8108,166.643434,-15.08935,12.95
tamtam_nuevo.000417.log,7.5316,168.845774,-20.00557,22.32
tamtam_nuevo.000418.log,7.4285,166.892838,-15.082808,23.01
tamtam_nuevo.000419.log,7.4287,170.392084,-21.736434,46.67
tamtam_nuevo.000420.log,7.2111,167.737312,-18.882574,7.61
tamtam_nuevo.000421.log,7.738,170.011334,-21.568094,33.37
tamtam_nuevo.000422.log,7.7031,167.019734,-14.917158,31.7
tamtam_nuevo.000423.log,7.6957,167.800343,-17.044668,31.39
tamtam_nuevo.000424.log,7.3586,169.747241,-21.665523,15.94
tamtam_nuevo.000425.log,7.2812,167.441487,-16.021984,35.32
tamtam_nuevo.000426.log,7.8154,166.459221,-14.987976,8.35
tamtam_nuevo.000427.log,7.4381,167.577692,-16.651587,27.97
tamtam_nuevo.000428.log,7.5536,170.47092,-21.887686,38.45
tamtam_nuevo.000429.log,7.7432,168.386615,-18.975037,26.32
tamtam_nuevo.000430.log,7.7412,168.269867,-19.438873,12.71
tamtam_nuevo.000431.log,7.6816,167.18305,-14.97752,43.38
tamtam_nuevo.000432.log,7.424,166.935058,-14.415486,34.26
tamtam_nuevo.000433.log,7.4114,167.074222,-14.314698,52.25
tamtam_nuevo.000434.log,7.4625,167.292631,-16.666994,15.15
tamtam_nuevo.000435.log,7.4524,166.909756,-16.006878,13.37
tamtam_nuevo.000436.log,7.3925,167.412368,-17.240396,9.59
tamtam_nuevo.000437.log,7.5869,167.356059,-16.170793,27.3
tamtam_nuevo.000438.log,7.3551,167.54021,-17.035274,16.61
tamtam_nuevo.000439.log,7.7585,168.125642,-19.090855,13.53
tamtam_nuevo.000440.log,7.6615,169.788988,-21.301896,33.7
tamtam_nuevo.000441.log,7.3492,169.390249,-21.235208,14.78
tamtam_nuevo.000442.log,7.9376,166.602652,-14.804465,11.7
tamtam_nuevo.000443.log,7.914,168.19886,-19.22401,13.81
tamtam_nuevo.000444.log,7.8996,170.533801,-21.865655,43.63
tamtam_nuevo.000445.log,7.5446,167.454444,-16.153519,32.92
tamtam_nuevo.000446.log,7.5396,169.848973,-21.367278,34.48
tamtam_nuevo.000447.log,7.7376,166.242516,-14.069,6.6
tamtam_nuevo.000448.log,7.5821,169.287304,-21.445784,8.89
tamtam_nuevo.000449.log,7.7117,168.785189,-19.326338,42.74
tamtam_nuevo.000450.log,7.5003,169.258613,-21.504998,7.67
tamtam_nuevo.000451.log,7.682,167.725673,-16.266065,46.45
tamtam_nuevo.000452.log,7.4583,168.579315,-19.375295,26.51
tamtam_nuevo.000453.log,7.7406,166.993915,-14.300513,44.01
tamtam_nuevo.000454.log,7.5799,167.783325,-17.125615,28.33
tamtam_nuevo.000455.log,7.6883,166.964891,-14.365403,38.19
tamtam_nuevo.000456.log,7.7724,167.81307,-17.97291,15.46
tamtam_nuevo.000457.log,7.4154,167.814035,-17.46701,22.59
tamtam_nuevo.000458.log,7.6762,168.429612,-19.621868,14.45
tamtam_nuevo.000459.log,7.7351,166.654376,-15.29271,12.52
tamtam_nuevo.000460.log,7.5522,169.415695,-20.960934,22.91
tamtam_nuevo.000461.log,7.768,169.747241,-21.665523,15.94
tamtam_nuevo.000462.log,8.0091,168.153401,-18.410181,25.6
tamtam_nuevo.000463.log,7.624,169.572023,-21.247124,21.16
tamtam_nuevo.000464.log,7.717,168.31829,-17.996172,51.84
tamtam_nuevo.000465.log,7.6562,169.671014,-21.850973,10.37
tamtam_nuevo.000466.log,7.639,168.194328,-18.936452,17.77
tamtam_nuevo.000467.log,7.4462,167.090412,-14.825808,37.35
tamtam_nuevo.000468.log,7.8403,167.191384,-16.346967,16.89
tamtam_nuevo.000469.log,7.8168,169.756423,-21.010501,46.65
tamtam_nuevo.000470.log,7.6235,170.633427,-21.889918,46.98
tamtam_nuevo.000471.log,7.3028,169.558515,-21.2577,19.86
tamtam_nuevo.000472.log,7.5096,166.975634,-15.808356,18.47
tamtam_nuevo.000473.log,7.8197,170.110651,-21.479687,46.13
tamtam_nuevo.000474.log,7.5078,169.889439,-21.488135,30.46
tamtam_nuevo.000475.log,7.487,168.686541,-19.089171,43.49
tamtam_nuevo.000476.log,7.5317,166.715816,-15.31896,14.34
tamtam_nuevo.000477.log,7.7802,166.278067,-14.990714,5.29
tamtam_nuevo.000478.log,7.6459,168.163474,-18.250488,30.08
tamtam_nuevo.000479.log,7.6611,167.073527,-14.897498,35.5
tamtam_nuevo.000480.log,7.5171,170.274332,-21.636534,46.67
tamtam_nuevo.000481.log,7.3999,170.049066,-21.453266,43.16
tamtam_nuevo.000482.log,7.5157,170.590313,-21.973774,37.77
tamtam_nuevo.000483.log,7.4516,166.710248,-14.143411,24.34
tamtam_nuevo.000484.log,7.8432,168.817482,-19.855297,25.87
tamtam_nuevo.000485.log,7.864,169.572023,-21.247124,21.16
tamtam_nuevo.000486.log,7.5303,167.11173,-14.471466,49.6
tamtam_nuevo.000487.log,7.7458,167.05705,-14.680922,37.04
tamtam_nuevo.000488.log,7.7643,168.655929,-18.663459,55.63
tamtam_nuevo.000489.log,7.5741,167.537092,-18.253543,7.7
tamtam_nuevo.000490.log,7.6522,166.848007,-15.894289,13.02
tamtam_nuevo.000491.log,7.6513,168.471456,-19.351469,20.58
tamtam_nuevo.000492.log,7.6293,166.700036,-14.081846,24.82
tamtam_nuevo.000493.log,7.9562,170.011334,-21.568094,33.37
tamtam_nuevo.000494.log,7.4459,169.780992,-21.936502,10.85
tamtam_nuevo.000495.log,7.673,169.098968,-21.180819,9.21
tamtam_nuevo.000496.log,7.5238,170.458122,-21.970997,31.77
tamtam_nuevo.000497.log,7.8034,170.388847,-21.826015,38.45
tamtam_nuevo.000498.log,7.6236,167.284763,-15.291159,47.15
tamtam_nuevo.000499.log,7.6504,166.448936,-14.325285,9.93
tamtam_nuevo.000500.log,7.6381,167.884049,-16.508267,51.67
tamtam_nuevo.000501.log,7.7778,167.538695,-16.053185,39.74
tamtam_nuevo.000502.log,7.8205,167.733526,-17.042067,26.91
tamtam_nuevo.000503.log,7.6919,166.718148,-16.105467,8.44
tamtam_nuevo.000504.log,7.4876,170.340145,-21.842327,34.79
tamtam_nuevo.000505.log,7.7702,170.185797,-21.850845,26.17
tamtam_nuevo.000506.log,7.7178,170.053301,-21.943483,16.67
tamtam_nuevo.000507.log,7.4869,169.889439,-21.488135,30.46
tamtam_nuevo.000508.log,7.7875,170.392084,-21.736434,46.67
tamtam_nuevo.000509.log,7.8331,168.488325,-19.581443,16.95
tamtam_nuevo.000510.log,7.5344,168.140042,-18.494173,22.95
tamtam_nuevo.000511.log,7.6309,166.2802,-14.020508,7.93
tamtam_nuevo.000512.log,7.7732,166.741538,-14.861954,16.42
tamtam_nuevo.000513.log,7.8456,168.705656,-20.398679,10.83
tamtam_nuevo.000514.log,7.5366,168.506486,-19.990212,11.31
tamtam_nuevo.000515.log,7.6671,167.91386,-16.964638,42.45
tamtam_nuevo.000516.log,7.8242,169.728526,-20.851983,53.71
tamtam_nuevo.000517.log,7.7837,166.918978,-14.083816,42.95
tamtam_nuevo.000518.log,8.0547,168.499716,-18.953616,34.12
tamtam_nuevo.000519.log,7.6699,167.015462,-15.145336,30.33
tamtam_nuevo.000520.log,7.6645,167.387154,-17.377778,7.98
tamtam_nuevo.000521.log,7.6106,167.519075,-15.915407,41.82
tamtam_nuevo.000522.log,7.4983,167.905965,-17.630801,25.43
tamtam_nuevo.000523.log,7.5207,168.271204,-19.359264,13.88
tamtam_nuevo.000524.log,7.6191,168.072357,-17.339081,47.46
tamtam_nuevo.000525.log,7.9767,166.775164,-15.78552,12.06
tamtam_nuevo.000526.log,7.7655,167.530889,-17.198093,13.25
tamtam_nuevo.000527.log,7.6445,167.213881,-17.07014,8.42
tamtam_nuevo.000528.log,7.6587,168.31829,-17.996172,51.84
tamtam_nuevo.000529.log,7.5387,170.09204,-21.599953,36.3
tamtam_nuevo.000530.log,7.5694,166.513189,-15.077893,9.49
tamtam_nuevo.000531.log,7.6569,166.506299,-15.240981,8.88
tamtam_nuevo.000532.log,7.6683,169.893249,-21.542695,27.72
tamtam_nuevo.000533.log,7.5343,167.737312,-18.882574,7.61
tamtam_nuevo.000534.log,8.0922,167.074222,-14.314698,52.25
tamtam_nuevo.000535.log,7.6089,166.50994,-15.009493,9.49
tamtam_nuevo.000536.log,7.5913,168.471456,-19.351469,20.58
tamtam_nuevo.000537.log,7.7769,168.253114,-18.942228,19.66
tamtam_nuevo.000538.log,7.6836,166.277233,-14.234532,6.38
tamtam_nuevo.000539.log,7.6409,168.731633,-20.016043,17.16
tamtam_nuevo.000540.log,7.5323,167.313389,-16.831627,13.5
tamtam_nuevo.000541.log,7.7162,170.057309,-21.734273,26.13
tamtam_nuevo.000542.log,7.9083,168.12954,-19.180336,12.57
tamtam_nuevo.000543.log,7.8218,167.24678,-15.392685,42.22
tamtam_nuevo.000544.log,7.7292,168.36703,-18.813796,29.3
tamtam_nuevo.000545.log,7.9045,166.449336,-14.930103,8.07
tamtam_nuevo.000546.log,7.5774,169.51752,-20.619579,46.91
tamtam_nuevo.000547.log,7.5429,167.780662,-16.974476,31.75
tamtam_nuevo.000548.log,7.7847,167.994727,-18.779309,13.5
tamtam_nuevo.000549.log,7.8014,170.734054,-21.968347,45.16
tamtam_nuevo.000550.log,7.5881,170.164757,-21.97274,18.79
tamtam_nuevo.000551.log,7.6749,169.63914,-21.524959,16.21
tamtam_nuevo.000552.log,7.9074,167.740604,-16.371243,45.29
tamtam_nuevo.000553.log,7.7008,166.602652,-14.804465,11.7
tamtam_nuevo.000554.log,7.6734,166.617747,-14.305894,16.18
tamtam_nuevo.000555.log,7.7711,167.090106,-15.022441,35.98
tamtam_nuevo.000556.log,7.6069,168.256314,-19.650857,9.92
tamtam_nuevo.000557.log,7.8167,168.298729,-18.92487,22.44
tamtam_nuevo.000558.log,7.4998,166.301091,-15.36288,4.84
tamtam_nuevo.000559.log,7.7753,167.015462,-15.145336,30.33
tamtam_nuevo.000560.log,7.8164,167.30733,-15.039035,53.43
tamtam_nuevo.000561.log,7.894,167.163706,-15.28595,38.61
tamtam_nuevo.000562.log,7.7889,168.125642,-19.090855,13.53
tamtam_nuevo.000563.log,7.7463,169.330984,-21.149599,14.78
tamtam_nuevo.000564.log,7.5877,169.154274,-21.232188,9.44
tamtam_nuevo.000565.log,7.655,168.958308,-20.096728,26.45
tamtam_nuevo.000566.log,7.7588,169.972305,-21.870214,16.71
tamtam_nuevo.000567.log,7.8395,168.139808,-17.616223,45.91
tamtam_nuevo.000568.log,8.0567,167.96209,-16.996444,45.9
tamtam_nuevo.000569.log,7.4184,167.837735,-16.408396,50.86
tamtam_nuevo.000570.log,7.6055,166.694507,-15.160618,14.31
tamtam_nuevo.000571.log,7.9074,167.761759,-17.964841,13.83
tamtam_nuevo.000572.log,7.7399,167.785439,-19.039669,7.45
tamtam_nuevo.000573.log,7.6393,168.471226,-20.206186,8.56
tamtam_nuevo.000574.log,7.7372,167.037324,-15.107313,31.98
tamtam_nuevo.000575.log,7.735,166.347616,-14.447926,6.51
tamtam_nuevo.000576.log,7.6703,167.918931,-18.077089,18.39
tamtam_nuevo.000577.log,7.5131,168.031356,-18.608185,16.58
tamtam_nuevo.000578.log,7.7994,167.093195,-15.473554,31.2
tamtam_nuevo.000579.log,7.8635,167.390864,-16.948711,13.73
tamtam_nuevo.000580.log,7.7153,168.044265,-19.071311,11.75
tamtam_nuevo.000581.log,7.8222,169.561898,-21.571177,12.95
tamtam_nuevo.000582.log,7.6477,169.520722,-21.456572,13.96
tamtam_nuevo.000583.log,7.696,166.670973,-15.017797,13.96
tamtam_nuevo.000584.log,7.5317,166.927938,-15.657119,18.93
tamtam_nuevo.000585.log,7.736,170.458122,-21.970997,31.77
tamtam_nuevo.000586.log,7.72,168.251339,-18.571956,28.11
tamtam_nuevo.000587.log,7.8645,170.110651,-21.479687,46.13
tamtam_nuevo.000588.log,7.8252,168.007262,-19.152578,10.1
tamtam_nuevo.000589.log,7.6952,170.590313,-21.973774,37.77
tamtam_nuevo.000590.log,7.7555,166.50994,-15.009493,9.49
tamtam_nuevo.000591.log,7.9241,169.528233,-21.34338,16.79
tamtam_nuevo.000592.log,7.5925,168.125642,-19.090855,13.52
tamtam_nuevo.000593.log,7.824,167.697413,-16.674386,34.62
tamtam_nuevo.000594.log,8.2249,168.663061,-19.340587,33.18
tamtam_nuevo.000595.log,7.7374,166.907785,-15.77983,16.43
tamtam_nuevo.000596.log,7.9366,166.503392,-14.287085,12.03
tamtam_nuevo.000597.log,7.6838,168.996816,-20.570467,16.05
tamtam_nuevo.000598.log,7.6468,167.032282,-14.331511,46.94
tamtam_nuevo.000599.log,7.675,166.304621,-14.524719,5.23
tamtam_nuevo.000600.log,7.7551,169.908232,-21.962613,12.7
tamtam_nuevo.000601.log,8.0615,168.795219,-19.914054,22.32
tamtam_nuevo.000602.log,8.1528,169.959488,-21.352071,43.26
tamtam_nuevo.000603.log,7.5997,167.454444,-16.153519,32.92
tamtam_nuevo.000604.log,7.8847,167.181051,-15.764582,29.08
tamtam_nuevo.000605.log,7.9097,166.433925,-14.451584,8.47
tamtam_nuevo.000606.log,7.837,166.935631,-14.033701,46.21
tamtam_nuevo.000607.log,7.8034,169.626852,-21.199271,27.09
tamtam_nuevo.000608.log,7.9063,167.94133,-18.313857,16.62
tamtam_nuevo.000609.log,7.821,170.633427,-21.889918,46.98
tamtam_nuevo.000610.log,8.0593,166.964891,-14.365403,38.19
tamtam_nuevo.000611.log,7.7611,167.30664,-16.91287,12.18
tamtam_nuevo.000612.log,8.0822,166.953889,-14.742213,28.5
tamtam_nuevo.000613.log,8.0541,166.365728,-14.767252,6.18
tamtam_nuevo.000614.log,7.6721,169.697433,-21.308921,27.03
tamtam_nuevo.000615.log,7.8484,166.935703,-15.014745,25.87
tamtam_nuevo.000616.log,7.8292,169.537695,-21.644932,11.14
tamtam_nuevo.000617.log,7.8402,169.941835,-21.790489,18.18
tamtam_nuevo.000618.log,7.8379,166.654994,-14.869824,13.39
tamtam_nuevo.000619.log,7.847,170.633427,-21.889918,46.98
tamtam_nuevo.000620.log,7.8423,170.458122,-21.970997,31.77
tamtam_nuevo.000621.log,7.7823,166.242516,-14.069,6.6
tamtam_nuevo.000622.log,7.8335,167.040513,-14.766062,34.39
tamtam_nuevo.000623.log,7.5896,169.003844,-20.76229,13.03
tamtam_nuevo.000624.log,7.8701,170.09857,-21.822396,23.16
tamtam_nuevo.000625.log,7.7583,167.307703,-17.217521,7.95
tamtam_nuevo.000626.log,8.0059,167.032282,-14.331511,46.94
tamtam_nuevo.000627.log,7.7876,170.115648,-21.679847,32.8
tamtam_nuevo.000628.log,8.1247,167.563444,-16.585492,29.0
tamtam_nuevo.000629.log,7.8146,169.528233,-21.34338,16.79
tamtam_nuevo.000630.log,7.7127,166.802087,-14.479613,22.74
tamtam_nuevo.000631.log,7.7437,167.118861,-15.661506,28.49
tamtam_nuevo.000632.log,7.9298,166.316262,-14.84496,5.54
tamtam_nuevo.000633.log,7.4938,167.128281,-15.140614,37.8
tamtam_nuevo.000634.log,7.7399,170.243354,-21.794721,32.84
tamtam_nuevo.000635.log,7.8276,166.62083,-14.949943,12.38
tamtam_nuevo.000636.log,7.6493,169.499795,-21.520572,12.26
tamtam_nuevo.000637.log,7.7106,166.745769,-14.034298,29.08
tamtam_nuevo.000638.log,7.8266,169.537695,-21.644932,11.14
tamtam_nuevo.000639.log,7.9501,166.698192,-14.574129,16.0
tamtam_nuevo.000640.log,7.7545,168.065133,-19.213704,10.69
tamtam_nuevo.000641.log,7.7271,168.452974,-19.819128,12.3
tamtam_nuevo.000642.log,7.9011,166.558542,-14.521686,11.36
tamtam_nuevo.000643.log,7.7876,166.584746,-14.660954,11.41
tamtam_nuevo.000644.log,7.9542,166.912613,-15.934476,14.38
tamtam_nuevo.000645.log,7.7982,167.441773,-16.913898,15.67
tamtam_nuevo.000646.log,7.6175,170.115648,-21.679847,32.8
tamtam_nuevo.000647.log,8.2685,170.143218,-21.551739,42.97
tamtam_nuevo.000648.log,7.6768,169.066231,-21.277951,7.72
tamtam_nuevo.000649.log,7.6696,169.338905,-20.831466,23.44
tamtam_nuevo.000650.log,7.4907,166.50994,-15.009493,9.49
tamtam_nuevo.000651.log,7.8751,167.200303,-15.121213,43.38
tamtam_nuevo.000652.log,7.9155,168.731633,-20.016043,17.16
tamtam_nuevo.000653.log,7.8194,167.672536,-16.248278,43.49
tamtam_nuevo.000654.log,7.7463,167.962228,-17.919275,23.31
tamtam_nuevo.000655.log,7.7385,169.842192,-21.553766,23.98
tamtam_nuevo.000656.log,7.9057,166.725748,-14.71539,16.13
tamtam_nuevo.000657.log,8.06,167.073527,-14.897498,35.5
tamtam_nuevo.000658.log,8.0438,166.611692,-14.583802,12.65
tamtam_nuevo.000659.log,7.8287,166.495367,-14.670759,8.92
tamtam_nuevo.000660.log,7.8681,168.013871,-17.116292,47.79
tamtam_nuevo.000661.log,7.7735,168.203159,-19.04663,16.44
tamtam_nuevo.000662.log,7.8877,170.099235,-21.936409,18.13
tamtam_nuevo.000663.log,7.747,168.471456,-19.351469,20.58
tamtam_nuevo.000664.log,7.8745,166.927938,-15.657119,18.93
tamtam_nuevo.000665.log,8.0664,169.024649,-20.22178,26.34
tamtam_nuevo.000666.log,7.9269,166.461272,-14.095316,13.05
tamtam_nuevo.000667.log,8.1887,166.654994,-14.869824,13.39
tamtam_nuevo.000668.log,7.8919,167.895443,-19.128217,8.46
tamtam_nuevo.000669.log,7.4566,166.698192,-14.574129,16.0
tamtam_nuevo.000670.log,7.9641,168.796309,-19.385074,41.34
tamtam_nuevo.000671.log,7.8277,166.780207,-14.786428,18.05
tamtam_nuevo.000672.log,7.9931,170.115648,-21.679847,32.8
tamtam_nuevo.000673.log,7.9418,170.000937,-21.493465,37.07
tamtam_nuevo.000674.log,8.2405,169.453902,-21.13578,18.97
tamtam_nuevo.000675.log,7.945,167.117134,-14.964985,38.14
tamtam_nuevo.000676.log,7.9294,167.612163,-16.878995,23.42
tamtam_nuevo.000677.log,8.0825,167.47067,-17.144223,12.38
tamtam_nuevo.000678.log,8.0352,170.218846,-21.931574,23.01
tamtam_nuevo.000679.log,7.8346,169.499795,-21.520572,12.26
tamtam_nuevo.000680.log,7.7023,167.792359,-17.795382,16.66
tamtam_nuevo.000681.log,8.1148,169.188723,-21.090923,12.23
tamtam_nuevo.000682.log,8.2085,168.253114,-18.942228,19.66
tamtam_nuevo.000683.log,7.782,168.304279,-18.839384,24.85
tamtam_nuevo.000684.log,7.9631,167.792359,-17.795382,16.66
tamtam_nuevo.000685.log,7.944,167.040513,-14.766062,34.39
tamtam_nuevo.000686.log,8.1086,170.77646,-21.941175,49.72
tamtam_nuevo.000687.log,8.025,168.429612,-19.621868,14.45
tamtam_nuevo.000688.log,7.958,169.775443,-21.506947,22.25
tamtam_nuevo.000689.log,8.083,169.510978,-21.126647,22.24
tamtam_nuevo.000690.log,7.923,167.259786,-15.563859,38.67
tamtam_nuevo.000691.log,8.0094,170.164757,-21.97274,18.79
tamtam_nuevo.000692.log,8.0061,167.872818,-17.058177,36.55
tamtam_nuevo.000693.log,8.0155,169.949503,-21.589354,28.44
tamtam_nuevo.000694.log,7.8749,166.780207,-14.786428,18.05
tamtam_nuevo.000695.log,7.8368,168.941353,-20.338889,18.33
tamtam_nuevo.000696.log,7.884,170.066083,-21.866801,19.35
tamtam_nuevo.000697.log,8.039,168.527759,-19.11117,31.24
tamtam_nuevo.000698.log,8.0681,166.242516,-14.069,6.6
tamtam_nuevo.000699.log,7.875,169.420231,-21.876562,6.67
tamtam_nuevo.000700.log,7.5041,166.461272,-14.095316,13.05
tamtam_nuevo.000701.log,7.649,166.694507,-15.160618,14.31
tamtam_nuevo.000702.log,8.0651,167.959503,-17.085803,43.45
tamtam_nuevo.000703.log,7.8343,168.465394,-18.695864,39.25
tamtam_nuevo.000704.log,7.967,166.517453,-14.831799,9.47
tamtam_nuevo.000705.log,7.9108,168.203159,-19.04663,16.44
tamtam_nuevo.000706.log,8.012,169.747241,-21.665523,15.94
tamtam_nuevo.000707.log,7.824,170.306798,-21.964629,25.22
tamtam_nuevo.000708.log,7.9503,167.562026,-16.178311,38.36
tamtam_nuevo.000709.log,7.8773,168.134437,-19.342492,10.77
tamtam_nuevo.000710.log,7.7062,167.562026,-16.178311,38.36
tamtam_nuevo.000711.log,7.8698,170.392084,-21.736434,46.67
tamtam_nuevo.000712.log,7.827,169.600274,-21.455347,16.59
tamtam_nuevo.000713.log,8.039,166.857765,-16.273702,9.45
tamtam_nuevo.000714.log,8.1181,170.027707,-21.977559,15.02
tamtam_nuevo.000715.log,8.0854,166.644524,-15.22094,12.51
tamtam_nuevo.000716.log,8.0072,169.188348,-21.531196,6.46
tamtam_nuevo.000717.log,8.0179,170.243354,-21.794721,32.84
tamtam_nuevo.000718.log,8.0066,169.561898,-21.571177,12.95
tamtam_nuevo.000719.log,8.0014,167.341281,-16.292352,23.84
tamtam_nuevo.000720.log,7.9052,168.194328,-18.936452,17.77
tamtam_nuevo.000721.log,7.8202,170.027707,-21.977559,15.02
tamtam_nuevo.000722.log,7.8651,169.950082,-21.296443,46.54
tamtam_nuevo.000723.log,7.9126,168.660326,-20.030247,14.68
tamtam_nuevo.000724.log,8.0619,168.739399,-19.262687,41.4
tamtam_nuevo.000725.log,7.9276,168.12954,-19.180336,12.57
tamtam_nuevo.000726.log,7.8674,168.12954,-19.180336,12.57
tamtam_nuevo.000727.log,7.8636,166.311645,-14.677624,5.08
tamtam_nuevo.000728.log,7.8818,166.745769,-14.034298,29.08
tamtam_nuevo.000729.log,8.1192,169.170262,-20.568536,23.28
tamtam_nuevo.000730.log,8.1766,169.772795,-21.441619,25.58
tamtam_nuevo.000731.log,7.8963,169.098968,-21.180819,9.21
tamtam_nuevo.000732.log,8.0507,169.528233,-21.34338,16.79
tamtam_nuevo.000733.log,7.8776,168.828075,-19.326546,46.47
tamtam_nuevo.000734.log,8.1364,167.349311,-17.12922,9.9
tamtam_nuevo.000735.log,8.015,166.762253,-14.641111,18.08
tamtam_nuevo.000736.log,7.9536,169.959488,-21.352071,43.26
tamtam_nuevo.000737.log,8.0498,170.053301,-21.943483,16.67
tamtam_nuevo.000738.log,8.1545,167.032282,-14.331511,46.94
tamtam_nuevo.000739.log,7.8737,170.143218,-21.551739,42.97
tamtam_nuevo.000740.log,7.9998,166.892838,-15.082808,23.01
tamtam_nuevo.000741.log,7.687,166.741538,-14.861954,16.42
tamtam_nuevo.000742.log,8.0868,170.066083,-21.866801,19.35
tamtam_nuevo.000743.log,7.9179,170.027707,-21.977559,15.02
tamtam_nuevo.000744.log,8.0427,170.65109,-21.94224,43.35
tamtam_nuevo.000745.log,8.1327,168.298729,-18.92487,22.44
tamtam_nuevo.000746.log,7.9198,168.177792,-17.818202,43.55
tamtam_nuevo.000747.log,7.8063,166.898723,-14.741446,24.79
tamtam_nuevo.000748.log,8.1303,170.509768,-21.943491,36.22
tamtam_nuevo.000749.log,8.0359,166.694507,-15.160618,14.31
tamtam_nuevo.000750.log,8.0549,170.164757,-21.97274,18.79
tamtam_nuevo.000751.log,8.1864,166.964891,-14.365403,38.19
tamtam_nuevo.000752.log,8.0605,168.386615,-18.975037,26.32
tamtam_nuevo.000753.log,7.9663,168.279969,-18.668004,27.56
tamtam_nuevo.000754.log,7.878,168.203159,-19.04663,16.44
tamtam_nuevo.000755.log,8.0247,166.769109,-15.161783,16.96
tamtam_nuevo.000756.log,8.092,166.242516,-14.069,6.6
tamtam_nuevo.000757.log,8.1143,166.444009,-14.597988,7.93
tamtam_nuevo.000758.log,8.0435,167.96209,-16.996444,45.9
tamtam_nuevo.000759.log,7.8809,166.569337,-15.113906,10.74
tamtam_nuevo.000760.log,8.3058,169.671014,-21.850973,10.37
tamtam_nuevo.000761.log,7.9994,170.011334,-21.568094,33.37
tamtam_nuevo.000762.log,8.1144,170.214463,-21.711841,36.5
tamtam_nuevo.000763.log,8.2031,170.533801,-21.865655,43.63
tamtam_nuevo.000764.log,8.1745,166.935703,-15.014745,25.87
tamtam_nuevo.000765.log,8.1945,170.392084,-21.736434,46.67
tamtam_nuevo.000766.log,7.8447,167.610457,-16.164906,41.4
tamtam_nuevo.000767.log,7.9057,170.306798,-21.964629,25.22
tamtam_nuevo.000768.log,8.2724,166.993915,-14.300513,44.01
tamtam_nuevo.000769.log,8.1615,166.499287,-14.902807,9.14
tamtam_nuevo.000770.log,8.2529,168.298729,-18.92487,22.44
tamtam_nuevo.000771.log,8.0825,167.57531,-17.33421,13.11
tamtam_nuevo.000772.log,8.099,168.189091,-18.56109,24.48
tamtam_nuevo.000773.log,8.0173,168.795219,-19.914054,22.32
tamtam_nuevo.000774.log,8.0231,166.444009,-14.597988,7.93
tamtam_nuevo.000775.log,8.1573,166.943083,-15.14001,25.86
tamtam_nuevo.000776.log,8.1394,168.203159,-19.04663,16.44
tamtam_nuevo.000777.log,8.1841,166.242516,-14.069,6.6
tamtam_nuevo.000778.log,7.9804,168.386615,-18.975037,26.32
tamtam_nuevo.000779.log,7.9515,167.785439,-19.039669,7.45
tamtam_nuevo.000780.log,8.1037,169.780992,-21.936502,10.85
tamtam_nuevo.000781.log,7.7759,169.842192,-21.553766,23.98
tamtam_nuevo.000782.log,8.0092,167.040513,-14.766062,34.39
tamtam_nuevo.000783.log,8.0058,167.953305,-19.264877,8.39
tamtam_nuevo.000784.log,7.7944,168.429612,-19.621868,14.45
tamtam_nuevo.000785.log,7.8806,166.869786,-14.791442,22.54
tamtam_nuevo.000786.log,7.9024,170.370555,-21.931503,30.34
tamtam_nuevo.000787.log,7.9724,170.306798,-21.964629,25.22
tamtam_nuevo.000788.log,7.9801,170.218846,-21.931574,23.01
tamtam_nuevo.000789.log,8.1915,169.558515,-21.2577,19.86
tamtam_nuevo.000790.log,8.4937,167.460619,-15.711159,44.71
tamtam_nuevo.000791.log,7.893,167.503961,-16.835017,19.05
tamtam_nuevo.000792.log,7.9563,168.007262,-19.152578,10.1
tamtam_nuevo.000793.log,7.9803,166.993618,-14.361625,41.35
tamtam_nuevo.000794.log,8.1489,170.838763,-21.968464,50.32
tamtam_nuevo.000795.log,7.8325,168.007285,-17.600472,33.96
tamtam_nuevo.000796.log,8.1835,170.340145,-21.842327,34.79
tamtam_nuevo.000797.log,7.9974,170.590313,-21.973774,37.77
tamtam_nuevo.000798.log,7.9221,166.802087,-14.479613,22.74
tamtam_nuevo.000799.log,8.1102,170.066083,-21.866801,19.35
tamtam_nuevo.000800.log,7.9892,167.015462,-15.145336,30.33
tamtam_nuevo.000801.log,8.0345,167.868107,-17.287313,30.68
tamtam_nuevo.000802.log,8.2321,166.884426,-14.93954,22.87
tamtam_nuevo.000803.log,8.0751,169.402254,-21.708745,7.81
tamtam_nuevo.000804.log,7.8012,168.420937,-18.860001,31.57
tamtam_nuevo.000805.log,8.1197,167.142926,-15.419057,35.22
tamtam_nuevo.000806.log,7.9468,169.588756,-21.906364,8.13
tamtam_nuevo.000807.log,8.0323,168.251339,-18.571956,28.11
tamtam_nuevo.000808.log,8.1014,168.19886,-19.22401,13.81
tamtam_nuevo.000809.log,8.1865,170.049066,-21.453266,43.16
tamtam_nuevo.000810.log,7.9087,170.306798,-21.964629,25.22
tamtam_nuevo.000811.log,8.1354,170.734054,-21.968347,45.16
tamtam_nuevo.000812.log,8.2664,166.783855,-15.926207,11.07
tamtam_nuevo.000813.log,8.1193,166.978703,-15.461971,24.8
tamtam_nuevo.000814.log,8.2225,169.56503,-21.185271,23.39
tamtam_nuevo.000815.log,8.113,166.700036,-14.081846,24.82
tamtam_nuevo.000816.log,8.0873,168.785189,-19.326338,42.74
tamtam_nuevo.000817.log,8.1792,167.956871,-17.425418,34.31
tamtam_nuevo.000818.log,8.2035,166.870544,-14.174108,35.77
tamtam_nuevo.000819.log,8.0987,170.306798,-21.964629,25.22
tamtam_nuevo.000820.log,8.1983,168.996816,-20.570467,16.05
tamtam_nuevo.000821.log,8.1788,166.791539,-14.079343,31.58
tamtam_nuevo.000822.log,7.9955,170.306798,-21.964629,25.22
tamtam_nuevo.000823.log,8.3809,170.509768,-21.943491,36.22
tamtam_nuevo.000824.log,8.0419,170.164757,-21.97274,18.79
tamtam_nuevo.000825.log,8.1177,167.361879,-16.568838,18.92
tamtam_nuevo.000826.log,8.2733,170.734054,-21.968347,45.16
tamtam_nuevo.000827.log,8.0946,166.700036,-14.081846,24.82
tamtam_nuevo.000828.log,8.1721,170.458122,-21.970997,31.77
tamtam_nuevo.000829.log,8.4546,169.959718,-21.938611,14.41
tamtam_nuevo.000830.log,7.9094,168.304279,-18.839384,24.85
tamtam_nuevo.000831.log,8.1198,168.17189,-18.648098,21.52
tamtam_nuevo.000832.log,8.1001,167.058443,-15.688218,24.77
tamtam_nuevo.000833.log,8.0999,169.63914,-21.524959,16.21
tamtam_nuevo.000834.log,8.3797,168.202266,-19.469753,10.74
tamtam_nuevo.000835.log,8.272,166.50994,-15.009493,9.49
tamtam_nuevo.000836.log,8.3913,170.388847,-21.826015,38.45
tamtam_nuevo.000837.log,8.3297,166.517453,-14.831799,9.47
tamtam_nuevo.000838.log,8.0681,168.203159,-19.04663,16.44
tamtam_nuevo.000839.log,7.9798,170.011334,-21.568094,33.37
tamtam_nuevo.000840.log,8.2972,166.650472,-14.047558,22.05
tamtam_nuevo.000841.log,8.1972,167.05705,-14.680922,37.04
tamtam_nuevo.000842.log,8.3951,167.073527,-14.897498,35.5
tamtam_nuevo.000843.log,8.1188,170.185797,-21.850845,26.17
tamtam_nuevo.000844.log,8.3597,166.830006,-14.045056,35.48
tamtam_nuevo.000845.log,7.9674,166.62083,-14.949943,12.38
tamtam_nuevo.000846.log,8.1428,170.057309,-21.734273,26.13
tamtam_nuevo.000847.log,8.2342,170.027707,-21.977559,15.02
tamtam_nuevo.000848.log,7.8437,167.562983,-17.407992,12.24
tamtam_nuevo.000849.log,8.0186,168.382483,-19.059936,23.88
tamtam_nuevo.000850.log,8.2677,169.244349,-20.610593,26.53
tamtam_nuevo.000851.log,8.066,169.63914,-21.524959,16.21
tamtam_nuevo.000852.log,8.2117,169.391964,-20.613821,36.58
tamtam_nuevo.000853.log,8.4138,168.948389,-20.169109,23.2
tamtam_nuevo.000854.log,8.2996,168.298729,-18.92487,22.44
tamtam_nuevo.000855.log,8.1187,168.007036,-18.061087,23.52
tamtam_nuevo.000856.log,8.1168,170.370555,-21.931503,30.34
tamtam_nuevo.000857.log,8.2236,167.910626,-17.115755,38.33
tamtam_nuevo.000858.log,8.0098,170.115648,-21.679847,32.8
tamtam_nuevo.000859.log,8.1373,169.934227,-21.638823,24.7
tamtam_nuevo.000860.log,8.2478,166.654994,-14.869824,13.39
tamtam_nuevo.000861.log,8.2495,169.780992,-21.936502,10.85
tamtam_nuevo.000862.log,8.1494,166.814904,-15.23422,18.39
tamtam_nuevo.000863.log,8.4184,166.242516,-14.069,6.6
tamtam_nuevo.000864.log,8.3743,167.445398,-16.685564,19.71
tamtam_nuevo.000865.log,8.3161,166.993618,-14.361625,41.35
tamtam_nuevo.000866.log,8.3369,169.314826,-20.483651,36.62
tamtam_nuevo.000867.log,8.2493,168.253114,-18.942228,19.66
tamtam_nuevo.000868.log,8.1069,166.617747,-14.305894,16.18
tamtam_nuevo.000869.log,8.2716,170.164757,-21.97274,18.79
tamtam_nuevo.000870.log,8.345,170.164757,-21.97274,18.79
tamtam_nuevo.000871.log,8.1536,166.399198,-14.048685,11.42
tamtam_nuevo.000872.log,8.2333,167.661059,-17.059423,21.64
tamtam_nuevo.000873.log,8.1126,166.690675,-14.20373,21.58
tamtam_nuevo.000874.log,8.0877,169.788988,-21.301896,33.7
tamtam_nuevo.000875.log,8.5501,168.279969,-18.668004,27.56
tamtam_nuevo.000876.log,8.1425,169.000222,-20.838262,11.83
tamtam_nuevo.000877.log,8.0835,168.12954,-19.180336,12.57
tamtam_nuevo.000878.log,8.2439,168.194328,-18.936452,17.77
tamtam_nuevo.000879.log,8.1789,166.698192,-14.574129,16.0
tamtam_nuevo.000880.log,8.2111,169.461575,-21.221336,17.31
tamtam_nuevo.000881.log,8.1475,169.588756,-21.906364,8.13
tamtam_nuevo.000882.log,8.2387,168.419476,-19.461769,16.73
tamtam_nuevo.000883.log,7.9003,170.027707,-21.977559,15.02
tamtam_nuevo.000884.log,8.3088,170.590313,-21.973774,37.77
tamtam_nuevo.000885.log,8.2874,170.734054,-21.968347,45.16
tamtam_nuevo.000886.log,8.1145,167.898785,-17.475106,28.49
tamtam_nuevo.000887.log,8.2315,170.458122,-21.970997,31.77
tamtam_nuevo.000888.log,7.9827,170.65109,-21.94224,43.35
tamtam_nuevo.000889.log,8.1553,166.634739,-14.725556,12.81
tamtam_nuevo.000890.log,8.2876,166.982344,-14.866982,29.43
tamtam_nuevo.000891.log,8.0978,167.14524,-14.634093,46.67
tamtam_nuevo.000892.log,8.4804,166.584746,-14.660954,11.41
tamtam_nuevo.000893.log,8.1965,169.833726,-21.692406,17.87
tamtam_nuevo.000894.log,8.1699,166.499287,-14.902807,9.14
tamtam_nuevo.000895.log,7.9544,167.118861,-15.661506,28.49
tamtam_nuevo.000896.log,8.0249,168.781589,-19.762905,26.72
tamtam_nuevo.000897.log,8.5347,168.645825,-19.504385,26.61
tamtam_nuevo.000898.log,8.3433,167.309915,-16.021469,28.6
tamtam_nuevo.000899.log,8.3576,169.747241,-21.665523,15.94
tamtam_nuevo.000900.log,8.515,166.741538,-14.861954,16.42
tamtam_nuevo.000901.log,8.3568,166.433925,-14.451584,8.47
tamtam_nuevo.000902.log,8.4764,170.218846,-21.931574,23.01
tamtam_nuevo.000903.log,8.1132,167.486645,-15.917431,40.13
tamtam_nuevo.000904.log,8.2159,169.935308,-21.46016,34.88
tamtam_nuevo.000905.log,8.6509,168.298729,-18.92487,22.44
tamtam_nuevo.000906.log,8.2695,166.791539,-14.079343,31.58
tamtam_nuevo.000907.log,8.3012,168.044265,-19.071311,11.75
tamtam_nuevo.000908.log,8.1109,169.863308,-21.615895,21.73
tamtam_nuevo.000909.log,8.172,166.87138,-14.37944,30.23
tamtam_nuevo.000910.log,8.1456,170.77646,-21.941175,49.72
tamtam_nuevo.000911.log,8.3916,168.452974,-19.819128,12.3
tamtam_nuevo.000912.log,8.1011,166.791539,-14.079343,31.58
tamtam_nuevo.000913.log,8.4084,170.458122,-21.970997,31.77
tamtam_nuevo.000914.log,8.4006,169.97415,-21.707538,22.97
tamtam_nuevo.000915.log,8.3487,168.465394,-18.695864,39.25
tamtam_nuevo.000916.log,8.1509,170.09204,-21.599953,36.3
tamtam_nuevo.000917.log,8.198,168.194328,-18.936452,17.77
tamtam_nuevo.000918.log,8.0243,170.027707,-21.977559,15.02
tamtam_nuevo.000919.log,8.2021,166.745769,-14.034298,29.08
tamtam_nuevo.000920.log,8.3483,169.13084,-21.288777,8.45
tamtam_nuevo.000921.log,8.192,168.125642,-19.090855,13.52
tamtam_nuevo.000922.log,8.5253,166.2802,-14.020508,7.93
tamtam_nuevo.000923.log,8.3091,166.892838,-15.082808,23.01
tamtam_nuevo.000924.log,8.3762,168.199122,-19.309364,12.65
tamtam_nuevo.000925.log,8.572,170.027707,-21.977559,15.02
tamtam_nuevo.000926.log,8.4568,170.053301,-21.943483,16.67
tamtam_nuevo.000927.log,8.2926,170.053301,-21.943483,16.67
tamtam_nuevo.000928.log,8.5198,166.811921,-14.215797,30.04
tamtam_nuevo.000929.log,7.9326,168.276078,-19.186702,16.66
tamtam_nuevo.000930.log,8.1756,168.298729,-18.92487,22.44
tamtam_nuevo.000931.log,8.4906,166.964891,-14.365403,38.19
tamtam_nuevo.000932.log,8.3344,166.558542,-14.521686,11.36
tamtam_nuevo.000933.log,7.9908,170.340145,-21.842327,34.79
tamtam_nuevo.000934.log,8.2871,168.386615,-18.975037,26.32
tamtam_nuevo.000935.log,8.2802,168.298729,-18.92487,22.44
tamtam_nuevo.000936.log,8.2231,170.370555,-21.931503,30.34
tamtam_nuevo.000937.log,8.3468,168.382483,-19.059936,23.88
tamtam_nuevo.000938.log,8.2986,170.633427,-21.889918,46.98
tamtam_nuevo.000939.log,8.1764,170.243354,-21.794721,32.84
tamtam_nuevo.000940.log,8.4166,170.164757,-21.97274,18.79
tamtam_nuevo.000941.log,8.1647,167.284302,-16.260562,21.71
tamtam_nuevo.000942.log,8.2685,170.306798,-21.964629,25.22
tamtam_nuevo.000943.log,8.1973,170.027707,-21.977559,15.02
tamtam_nuevo.000944.log,8.1406,167.638049,-17.635908,13.04
tamtam_nuevo.000945.log,8.168,167.248449,-14.915852,50.05
tamtam_nuevo.000946.log,8.2682,169.003682,-20.477459,17.95
tamtam_nuevo.000947.log,8.1682,170.306798,-21.964629,25.22
tamtam_nuevo.000948.log,8.3,169.893249,-21.542695,27.72
tamtam_nuevo.000949.log,8.3213,166.898723,-14.741446,24.79
tamtam_nuevo.000950.log,8.1291,167.284302,-16.260562,21.71
tamtam_nuevo.000951.log,8.3543,168.996816,-20.570467,16.05
tamtam_nuevo.000952.log,8.4345,167.934865,-16.792342,48.44
tamtam_nuevo.000953.log,8.432,169.959718,-21.938611,14.41
tamtam_nuevo.000954.log,8.1402,170.458122,-21.970997,31.77
tamtam_nuevo.000955.log,8.2517,170.590313,-21.973774,37.77
tamtam_nuevo.000956.log,8.3205,170.164757,-21.97274,18.79
tamtam_nuevo.000957.log,8.317,170.306798,-21.964629,25.22
tamtam_nuevo.000958.log,8.426,170.533801,-21.865655,43.63
tamtam_nuevo.000959.log,8.5968,169.510978,-21.126647,22.24
tamtam_nuevo.000960.log,8.5953,170.027707,-21.977559,15.02
tamtam_nuevo.000961.log,8.012,167.199812,-16.580329,13.82
tamtam_nuevo.000962.log,8.1096,169.63914,-21.524959,16.21
tamtam_nuevo.000963.log,8.3058,168.194328,-18.936452,17.77
tamtam_nuevo.000964.log,8.2568,170.370555,-21.931503,30.34
tamtam_nuevo.000965.log,8.2103,168.632041,-19.121346,38.14
tamtam_nuevo.000966.log,8.1478,170.370555,-21.931503,30.34
tamtam_nuevo.000967.log,8.2515,170.164757,-21.97274,18.79
tamtam_nuevo.000968.log,8.4298,168.298729,-18.92487,22.44
tamtam_nuevo.000969.log,8.3511,170.306798,-21.964629,25.22
tamtam_nuevo.000970.log,8.4001,166.967704,-14.170636,45.61
tamtam_nuevo.000971.log,8.3968,168.203159,-19.04663,16.44
tamtam_nuevo.000972.log,8.1737,169.572023,-21.247124,21.16
tamtam_nuevo.000973.log,8.1002,166.340061,-14.072916,9.16
tamtam_nuevo.000974.log,8.1615,170.027707,-21.977559,15.02
tamtam_nuevo.000975.log,8.3388,170.218846,-21.931574,23.01
tamtam_nuevo.000976.log,8.5568,169.330984,-21.149599,14.78
tamtam_nuevo.000977.log,8.5411,166.459221,-14.987976,8.35
tamtam_nuevo.000978.log,8.5006,169.863308,-21.615895,21.73
tamtam_nuevo.000979.log,8.1898,169.835724,-21.43388,30.06
tamtam_nuevo.000980.log,8.1245,169.972305,-21.870214,16.71
tamtam_nuevo.000981.log,8.1809,169.842192,-21.553766,23.98
tamtam_nuevo.000982.log,8.4534,167.031889,-14.990476,32.18
tamtam_nuevo.000983.log,8.285,170.243354,-21.794721,32.84
tamtam_nuevo.000984.log,8.301,170.218846,-21.931574,23.01
tamtam_nuevo.000985.log,8.2724,170.027707,-21.977559,15.02
tamtam_nuevo.000986.log,8.5303,169.549956,-20.869101,36.24
tamtam_nuevo.000987.log,8.0289,166.869786,-14.791442,22.54
tamtam_nuevo.000988.log,8.5632,166.845644,-14.662151,22.25
tamtam_nuevo.000989.log,8.2817,170.164757,-21.97274,18.79
tamtam_nuevo.000990.log,8.4833,169.972305,-21.870214,16.71
tamtam_nuevo.000991.log,8.4525,166.986239,-14.787573,30.26
tamtam_nuevo.000992.log,8.3828,169.788988,-21.301896,33.7
tamtam_nuevo.000993.log,8.3083,168.558789,-19.199264,30.61
tamtam_nuevo.000994.log,8.3133,168.645825,-19.504385,26.61
tamtam_nuevo.000995.log,8.383,167.384238,-16.241845,27.17
tamtam_nuevo.000996.log,8.2007,168.304279,-18.839384,24.85
tamtam_nuevo.000997.log,8.134,166.448936,-14.325285,9.93
tamtam_nuevo.000998.log,8.4975,168.62578,-19.971991,14.62
tamtam_nuevo.000999.log,8.4799,168.82203,-19.263569,48.5
