File,Mw,Lon,Lat,Depth
tamtam_nuevo.000000.log,7.1195,168.564783,-18.538338,46.12
tamtam_nuevo.000001.log,6.779,168.17826,-17.792578,36.14
tamtam_nuevo.000002.log,6.7792,168.281411,-18.129158,36.04
tamtam_nuevo.000003.log,7.0294,167.951848,-18.067593,16.89
tamtam_nuevo.000004.log,6.7873,168.627816,-18.778979,44.74
tamtam_nuevo.000005.log,6.886,167.97354,-18.143265,17.13
tamtam_nuevo.000006.log,6.8382,168.415037,-17.821862,51.33
tamtam_nuevo.000007.log,6.9456,168.351865,-17.905944,36.36
tamtam_nuevo.000008.log,6.9176,168.025215,-17.893319,24.45
tamtam_nuevo.000009.log,6.8811,168.133429,-18.074057,20.32
tamtam_nuevo.000010.log,7.0373,168.47996,-18.159011,52.41
tamtam_nuevo.000011.log,6.9678,167.932582,-17.52204,24.47
tamtam_nuevo.000012.log,7.006,167.583404,-18.211114,7.64
tamtam_nuevo.000013.log,6.514,168.753888,-18.87793,53.83
tamtam_nuevo.000014.log,7.1207,167.973819,-17.60963,28.27
tamtam_nuevo.000015.log,7.0773,167.924799,-18.305482,14.06
tamtam_nuevo.000016.log,6.8231,167.755676,-17.771952,12.1
tamtam_nuevo.000017.log,6.9476,167.958168,-17.699101,25.43
tamtam_nuevo.000018.log,7.1731,167.989704,-18.198051,17.0
tamtam_nuevo.000019.log,7.0068,168.54894,-18.440828,45.28
tamtam_nuevo.000020.log,6.8563,167.844404,-18.340058,11.52
tamtam_nuevo.000021.log,7.3735,167.829999,-17.757109,17.3
tamtam_nuevo.000022.log,7.1953,167.727094,-18.12171,11.04
tamtam_nuevo.000023.log,6.9954,167.626409,-18.187273,9.03
tamtam_nuevo.000024.log,7.0273,167.832903,-18.031058,14.09
tamtam_nuevo.000025.log,6.8899,168.498569,-18.295653,31.28
tamtam_nuevo.000026.log,7.0671,167.674044,-18.219588,9.62
tamtam_nuevo.000027.log,6.6073,167.742158,-18.288448,9.44
tamtam_nuevo.000028.log,6.8173,167.977127,-17.897876,23.22
tamtam_nuevo.000029.log,6.935,168.311279,-17.770801,46.35
tamtam_nuevo.000030.log,6.8909,167.50314,-18.131238,7.09
tamtam_nuevo.000031.log,6.8775,168.648749,-18.541806,53.58
tamtam_nuevo.000032.log,7.111,167.944094,-18.257416,14.99
tamtam_nuevo.000033.log,6.7909,167.77001,-18.249013,9.51
tamtam_nuevo.000034.log,7.0307,167.632611,-18.271657,8.05
tamtam_nuevo.000035.log,7.185,167.971932,-18.141073,16.47
tamtam_nuevo.000036.log,7.2706,167.893724,-18.207497,13.01
tamtam_nuevo.000037.log,6.8399,168.119428,-17.864112,30.26
tamtam_nuevo.000038.log,6.8839,168.03342,-17.667618,25.4
tamtam_nuevo.000039.log,6.9744,168.008622,-18.199632,17.5
tamtam_nuevo.000040.log,7.1291,167.928556,-18.223284,14.24
tamtam_nuevo.000041.log,6.8682,168.106033,-18.130862,24.54
tamtam_nuevo.000042.log,7.0609,168.047768,-17.731101,30.54
tamtam_nuevo.000043.log,6.9528,167.711645,-18.009224,11.27
tamtam_nuevo.000044.log,7.12,167.924886,-16.446894,54.39
tamtam_nuevo.000045.log,7.0687,168.067713,-18.40387,17.46
tamtam_nuevo.000046.log,6.8813,167.941589,-18.156165,15.33
tamtam_nuevo.000047.log,6.9267,167.882966,-18.134106,13.13
tamtam_nuevo.000048.log,7.18,167.876391,-18.291797,12.04
tamtam_nuevo.000049.log,7.1969,167.864884,-17.813603,17.26
tamtam_nuevo.000050.log,6.9946,167.674869,-18.347575,8.37
tamtam_nuevo.000051.log,7.1054,167.62717,-18.203097,8.64
tamtam_nuevo.000052.log,7.1089,168.200167,-17.727413,38.74
tamtam_nuevo.000053.log,7.19,167.960129,-18.088752,18.12
tamtam_nuevo.000054.log,7.1957,167.93804,-18.410019,13.45
tamtam_nuevo.000055.log,7.0586,167.903585,-18.498368,11.32
tamtam_nuevo.000056.log,7.1657,167.962669,-17.507877,16.67
tamtam_nuevo.000057.log,6.9551,168.019187,-17.689337,23.24
tamtam_nuevo.000058.log,6.9223,168.288808,-17.462172,50.22
tamtam_nuevo.000059.log,7.1452,168.250122,-17.842072,38.56
tamtam_nuevo.000060.log,6.8841,167.78415,-18.250483,10.57
tamtam_nuevo.000061.log,6.889,168.294561,-18.595903,16.96
tamtam_nuevo.000062.log,7.2157,167.965937,-18.156403,16.1
tamtam_nuevo.000063.log,7.2369,167.833208,-17.810923,11.35
tamtam_nuevo.000064.log,6.8849,167.702761,-18.132096,9.84
tamtam_nuevo.000065.log,6.9687,168.371871,-18.053123,44.16
tamtam_nuevo.000066.log,6.9352,168.286353,-18.09667,36.4
tamtam_nuevo.000067.log,7.0726,168.247011,-17.484704,50.1
tamtam_nuevo.000068.log,7.1648,168.387719,-18.03207,45.43
tamtam_nuevo.000069.log,7.1504,168.174976,-18.737764,13.9
tamtam_nuevo.000070.log,6.8796,167.953537,-18.288968,14.11
tamtam_nuevo.000071.log,6.9062,167.755515,-18.124769,11.51
tamtam_nuevo.000072.log,6.9512,168.314474,-18.029204,35.62
tamtam_nuevo.000073.log,7.1463,168.197631,-17.046565,54.41
tamtam_nuevo.000074.log,6.8931,167.733993,-18.42149,9.03
tamtam_nuevo.000075.log,7.1836,168.035198,-18.379908,16.65
tamtam_nuevo.000076.log,6.9953,168.345307,-18.056317,43.66
tamtam_nuevo.000077.log,7.1779,167.62104,-18.095059,8.32
tamtam_nuevo.000078.log,7.1846,168.355373,-17.714316,54.16
tamtam_nuevo.000079.log,7.0105,168.832446,-19.025183,55.23
tamtam_nuevo.000080.log,7.0339,168.225452,-17.222854,53.84
tamtam_nuevo.000081.log,7.1098,168.309131,-17.565027,46.12
tamtam_nuevo.000082.log,7.2121,167.39721,-17.931426,7.03
tamtam_nuevo.000083.log,7.0205,167.951079,-18.322311,9.86
tamtam_nuevo.000084.log,6.9616,167.819098,-17.924845,15.54
tamtam_nuevo.000085.log,7.0466,167.63171,-18.122156,7.3
tamtam_nuevo.000086.log,7.2167,167.720301,-18.444686,8.85
tamtam_nuevo.000087.log,7.0922,168.218986,-17.9358,30.59
tamtam_nuevo.000088.log,6.9951,169.598422,-19.779438,48.04
tamtam_nuevo.000089.log,6.8271,168.02163,-18.307561,16.88
tamtam_nuevo.000090.log,7.1043,168.334934,-18.342682,32.42
tamtam_nuevo.000091.log,7.0009,168.183622,-17.729366,34.72
tamtam_nuevo.000092.log,7.2034,167.679272,-18.292248,8.66
tamtam_nuevo.000093.log,7.2031,168.590842,-18.813767,41.46
tamtam_nuevo.000094.log,7.2054,168.15774,-17.296513,49.27
tamtam_nuevo.000095.log,6.9487,167.972652,-17.958203,17.03
tamtam_nuevo.000096.log,6.9774,168.35892,-17.836974,45.48
tamtam_nuevo.000097.log,6.9084,167.930294,-18.166024,14.07
tamtam_nuevo.000098.log,7.4714,167.854119,-17.883712,16.45
tamtam_nuevo.000099.log,6.8274,168.318869,-17.850278,42.03
tamtam_nuevo.000100.log,7.2748,167.979703,-18.019852,19.54
tamtam_nuevo.000101.log,7.2203,168.245472,-18.10493,33.5
tamtam_nuevo.000102.log,7.2372,168.353182,-18.121216,38.44
tamtam_nuevo.000103.log,7.0924,168.044637,-17.189948,36.5
tamtam_nuevo.000104.log,7.0775,168.038945,-18.339966,13.59
tamtam_nuevo.000105.log,7.0688,168.202875,-17.648898,36.74
tamtam_nuevo.000106.log,7.0552,167.667344,-17.893334,10.14
tamtam_nuevo.000107.log,7.2959,167.471395,-18.050804,7.29
tamtam_nuevo.000108.log,7.1004,167.325501,-17.870965,6.51
tamtam_nuevo.000109.log,7.1649,167.834272,-18.502861,10.11
tamtam_nuevo.000110.log,7.409,167.730531,-18.168877,9.55
tamtam_nuevo.000111.log,7.0678,167.630521,-18.092011,8.26
tamtam_nuevo.000112.log,7.2893,167.620725,-18.131969,8.21
tamtam_nuevo.000113.log,6.9081,168.119097,-18.175969,25.19
tamtam_nuevo.000114.log,7.0673,168.263497,-17.89957,36.7
tamtam_nuevo.000115.log,6.9638,167.980789,-18.176977,17.35
tamtam_nuevo.000116.log,7.0675,167.540863,-17.956448,8.19
tamtam_nuevo.000117.log,7.1212,167.56162,-18.076852,8.01
tamtam_nuevo.000118.log,6.9238,168.424499,-18.19892,42.87
tamtam_nuevo.000119.log,7.2932,167.935518,-18.166539,16.38
tamtam_nuevo.000120.log,7.1902,167.849872,-18.32931,11.63
tamtam_nuevo.000121.log,6.9738,168.514503,-18.46159,44.38
tamtam_nuevo.000122.log,7.4846,168.070105,-17.796676,24.09
tamtam_nuevo.000123.log,7.6044,167.959684,-17.881066,20.02
tamtam_nuevo.000124.log,6.9614,168.125313,-18.05939,26.03
tamtam_nuevo.000125.log,7.1103,167.915214,-18.445103,12.18
tamtam_nuevo.000126.log,7.4079,167.684818,-18.240107,9.84
tamtam_nuevo.000127.log,7.3212,167.883802,-17.975907,16.0
tamtam_nuevo.000128.log,7.4999,168.404899,-18.118499,44.58
tamtam_nuevo.000129.log,7.2706,167.741019,-17.940054,12.37
tamtam_nuevo.000130.log,7.1385,168.703408,-19.016031,44.37
tamtam_nuevo.000131.log,7.0671,167.579295,-17.915875,8.25
tamtam_nuevo.000132.log,7.2003,167.59508,-18.228153,7.74
tamtam_nuevo.000133.log,7.5076,167.836764,-17.986743,15.44
tamtam_nuevo.000134.log,7.229,167.59193,-18.106308,8.09
tamtam_nuevo.000135.log,7.2184,168.107749,-18.154062,24.36
tamtam_nuevo.000136.log,7.202,168.201744,-18.263373,25.6
tamtam_nuevo.000137.log,7.19,167.715296,-17.972337,11.83
tamtam_nuevo.000138.log,7.2512,168.406672,-17.674569,52.38
tamtam_nuevo.000139.log,7.463,168.168103,-18.048375,30.16
tamtam_nuevo.000140.log,6.8251,167.597964,-17.869837,8.76
tamtam_nuevo.000141.log,7.362,167.81035,-17.408234,21.46
tamtam_nuevo.000142.log,7.0756,167.850063,-18.322837,11.66
tamtam_nuevo.000143.log,7.1501,168.35864,-18.57654,29.97
tamtam_nuevo.000144.log,7.0454,168.300448,-17.988474,35.12
tamtam_nuevo.000145.log,7.2315,168.487408,-18.531118,35.14
tamtam_nuevo.000146.log,7.3181,167.987412,-17.64692,28.25
tamtam_nuevo.000147.log,7.3367,167.723023,-18.15285,10.67
tamtam_nuevo.000148.log,7.1736,168.466933,-17.952682,44.42
tamtam_nuevo.000149.log,6.9019,167.958544,-18.052749,18.04
tamtam_nuevo.000150.log,7.1566,168.046709,-17.941334,23.23
tamtam_nuevo.000151.log,7.326,167.449214,-18.018232,7.18
tamtam_nuevo.000152.log,7.2066,168.02248,-17.899485,22.43
tamtam_nuevo.000153.log,7.0097,167.673267,-18.345841,8.78
tamtam_nuevo.000154.log,7.2357,168.362172,-17.831339,49.2
tamtam_nuevo.000155.log,7.276,168.531826,-18.221722,46.79
tamtam_nuevo.000156.log,7.0418,167.730777,-17.889186,13.44
tamtam_nuevo.000157.log,7.291,167.765211,-18.044066,12.21
tamtam_nuevo.000158.log,7.1368,168.32922,-17.835603,45.3
tamtam_nuevo.000159.log,7.1167,167.957553,-17.956573,18.67
tamtam_nuevo.000160.log,7.0798,168.186489,-17.898041,33.76
tamtam_nuevo.000161.log,7.1027,167.756798,-17.901046,13.51
tamtam_nuevo.000162.log,7.2826,168.056266,-18.162728,16.51
tamtam_nuevo.000163.log,7.5544,167.932643,-18.115597,14.34
tamtam_nuevo.000164.log,7.4239,168.402223,-17.772375,50.73
tamtam_nuevo.000165.log,7.4029,168.066485,-17.910293,26.16
tamtam_nuevo.000166.log,7.1384,167.854606,-18.239815,13.28
tamtam_nuevo.000167.log,7.4727,168.009112,-18.156821,17.81
tamtam_nuevo.000168.log,7.1823,168.273175,-17.744457,42.99
tamtam_nuevo.000169.log,7.4533,167.838435,-18.011794,14.45
tamtam_nuevo.000170.log,7.2564,168.192159,-16.98015,55.9
tamtam_nuevo.000171.log,7.2282,168.558335,-18.143832,51.03
tamtam_nuevo.000172.log,7.1189,168.276007,-17.958646,39.14
tamtam_nuevo.000173.log,7.111,167.877077,-17.802206,16.3
tamtam_nuevo.000174.log,7.5715,168.448623,-18.165623,41.18
tamtam_nuevo.000175.log,7.2934,168.040473,-17.889392,21.12
tamtam_nuevo.000176.log,7.2483,167.745152,-18.619356,7.68
tamtam_nuevo.000177.log,7.173,167.893108,-17.866549,14.94
tamtam_nuevo.000178.log,7.2685,168.024332,-17.812723,23.44
tamtam_nuevo.000179.log,7.3278,168.276981,-17.469748,51.19
tamtam_nuevo.000180.log,7.1193,168.490301,-17.965575,53.95
tamtam_nuevo.000181.log,6.9464,168.414734,-18.386706,34.23
tamtam_nuevo.000182.log,7.2876,168.385098,-17.799306,50.38
tamtam_nuevo.000183.log,7.3165,167.726183,-18.225743,9.66
tamtam_nuevo.000184.log,7.5132,167.701482,-18.336522,9.14
tamtam_nuevo.000185.log,7.3932,168.541882,-18.152415,54.76
tamtam_nuevo.000186.log,7.5433,168.071656,-18.154219,19.89
tamtam_nuevo.000187.log,7.2563,168.38309,-18.192161,33.34
tamtam_nuevo.000188.log,7.2202,168.163489,-18.012979,27.97
tamtam_nuevo.000189.log,7.2884,168.42062,-17.916734,51.03
tamtam_nuevo.000190.log,6.9933,168.006724,-17.935863,17.32
tamtam_nuevo.000191.log,7.3231,167.857736,-18.183509,12.66
tamtam_nuevo.000192.log,7.2356,167.904854,-18.184971,14.08
tamtam_nuevo.000193.log,7.2612,167.913294,-18.115725,13.27
tamtam_nuevo.000194.log,7.141,168.460512,-17.988394,54.51
tamtam_nuevo.000195.log,7.3045,167.754324,-18.417108,9.75
tamtam_nuevo.000196.log,7.0138,168.09762,-18.230307,16.51
tamtam_nuevo.000197.log,7.5114,167.909572,-18.457837,10.03
tamtam_nuevo.000198.log,7.2612,168.534764,-18.048875,53.28
tamtam_nuevo.000199.log,7.374,168.095618,-17.004282,49.98
tamtam_nuevo.000200.log,7.6692,168.165609,-18.078358,24.15
tamtam_nuevo.000201.log,7.5602,167.537796,-18.087446,8.16
tamtam_nuevo.000202.log,7.1504,167.893942,-18.081009,15.79
tamtam_nuevo.000203.log,7.2221,168.385596,-18.262536,34.02
tamtam_nuevo.000204.log,7.4687,168.099318,-18.000945,25.01
tamtam_nuevo.000205.log,7.6317,168.436551,-17.980588,48.71
tamtam_nuevo.000206.log,7.5492,167.905228,-18.220506,13.1
tamtam_nuevo.000207.log,7.3547,168.382007,-17.730675,51.94
tamtam_nuevo.000208.log,7.1645,168.131333,-18.082456,25.74
tamtam_nuevo.000209.log,7.3167,167.937596,-17.928702,19.55
tamtam_nuevo.000210.log,7.3378,168.013318,-17.988925,24.04
tamtam_nuevo.000211.log,7.3545,168.225178,-18.024092,33.47
tamtam_nuevo.000212.log,7.3782,167.857173,-18.107469,13.6
tamtam_nuevo.000213.log,7.2875,167.77731,-18.183641,12.37
tamtam_nuevo.000214.log,7.5865,167.822967,-18.402381,9.26
tamtam_nuevo.000215.log,7.2938,167.770904,-18.184879,10.39
tamtam_nuevo.000216.log,7.4536,167.774979,-18.064449,11.53
tamtam_nuevo.000217.log,7.2922,168.138806,-18.089928,26.86
tamtam_nuevo.000218.log,7.4961,168.297224,-17.727902,42.6
tamtam_nuevo.000219.log,7.0265,168.024632,-17.571617,26.32
tamtam_nuevo.000220.log,7.4646,167.796696,-17.545938,16.84
tamtam_nuevo.000221.log,7.2014,167.974977,-18.546951,12.62
tamtam_nuevo.000222.log,7.3944,168.316497,-17.903892,44.78
tamtam_nuevo.000223.log,6.9323,167.900102,-18.129687,15.78
tamtam_nuevo.000224.log,7.3619,168.055728,-18.112222,21.63
tamtam_nuevo.000225.log,7.1897,167.804856,-18.084047,12.14
tamtam_nuevo.000226.log,7.4784,167.560722,-18.2803,7.11
tamtam_nuevo.000227.log,7.3796,168.481696,-17.938926,48.37
tamtam_nuevo.000228.log,7.087,168.155597,-17.973574,27.35
tamtam_nuevo.000229.log,7.4559,168.517416,-18.652787,39.44
tamtam_nuevo.000230.log,7.628,168.094076,-18.104963,20.61
tamtam_nuevo.000231.log,7.5123,168.524237,-17.925525,51.1
tamtam_nuevo.000232.log,7.3294,167.964667,-18.091901,17.63
tamtam_nuevo.000233.log,7.2433,168.388119,-17.913201,48.15
tamtam_nuevo.000234.log,7.1045,167.855226,-18.400684,11.93
tamtam_nuevo.000235.log,7.4738,167.807401,-18.127292,12.69
tamtam_nuevo.000236.log,7.305,167.345605,-17.581348,7.0
tamtam_nuevo.000237.log,7.5566,168.189925,-17.803861,36.0
tamtam_nuevo.000238.log,7.3964,168.183839,-18.203124,25.5
tamtam_nuevo.000239.log,7.295,167.874384,-17.984576,16.44
tamtam_nuevo.000240.log,7.4537,167.647393,-18.052123,10.03
tamtam_nuevo.000241.log,7.3704,168.313033,-17.759822,48.04
tamtam_nuevo.000242.log,7.3516,167.93589,-18.002132,17.17
tamtam_nuevo.000243.log,7.6365,167.663423,-17.821549,12.13
tamtam_nuevo.000244.log,7.5161,167.918054,-18.171029,14.14
tamtam_nuevo.000245.log,7.4548,167.960137,-18.481674,13.68
tamtam_nuevo.000246.log,7.2363,168.092467,-18.085417,21.81
tamtam_nuevo.000247.log,7.1234,168.051651,-18.019311,22.07
tamtam_nuevo.000248.log,7.6994,168.368048,-18.17651,35.58
tamtam_nuevo.000249.log,7.3091,168.270421,-17.337349,55.31
tamtam_nuevo.000250.log,7.508,167.876081,-18.109721,16.58
tamtam_nuevo.000251.log,7.2493,167.609587,-17.888958,9.97
tamtam_nuevo.000252.log,7.1613,168.44185,-18.267202,43.7
tamtam_nuevo.000253.log,7.4044,167.899222,-18.401837,12.21
tamtam_nuevo.000254.log,7.1602,168.347445,-17.942245,41.57
tamtam_nuevo.000255.log,7.5518,168.115048,-18.036402,24.4
tamtam_nuevo.000256.log,7.5666,168.053136,-18.115217,18.28
tamtam_nuevo.000257.log,7.5185,167.869169,-18.081082,14.45
tamtam_nuevo.000258.log,7.6354,167.787267,-18.269208,11.57
tamtam_nuevo.000259.log,7.3094,167.869794,-18.347781,11.28
tamtam_nuevo.000260.log,7.5231,168.385566,-17.999573,43.53
tamtam_nuevo.000261.log,7.2457,168.461777,-18.09143,47.9
tamtam_nuevo.000262.log,7.3882,168.523586,-17.987648,51.09
tamtam_nuevo.000263.log,7.6315,167.684163,-18.039936,9.46
tamtam_nuevo.000264.log,7.3753,168.456312,-17.985375,46.05
tamtam_nuevo.000265.log,7.4192,167.927802,-18.204869,14.64
tamtam_nuevo.000266.log,7.4593,168.327898,-17.719166,44.8
tamtam_nuevo.000267.log,7.4871,168.044505,-18.187408,16.63
tamtam_nuevo.000268.log,7.3288,167.81751,-17.928963,12.74
tamtam_nuevo.000269.log,7.56,168.323843,-17.414938,53.24
tamtam_nuevo.000270.log,7.2795,168.382835,-18.006623,31.24
tamtam_nuevo.000271.log,7.7089,167.926703,-17.978519,16.66
tamtam_nuevo.000272.log,7.4782,168.426395,-17.781705,49.74
tamtam_nuevo.000273.log,7.4671,167.855856,-18.087455,14.05
tamtam_nuevo.000274.log,7.5714,168.357604,-17.725739,49.63
tamtam_nuevo.000275.log,7.4424,168.197674,-17.211874,52.59
tamtam_nuevo.000276.log,7.3932,168.382075,-18.167222,35.47
tamtam_nuevo.000277.log,7.4279,168.344381,-18.126711,40.55
tamtam_nuevo.000278.log,7.8802,168.442361,-17.917466,53.7
tamtam_nuevo.000279.log,7.3068,167.602609,-17.939705,8.81
tamtam_nuevo.000280.log,7.4914,168.131286,-16.940797,50.36
tamtam_nuevo.000281.log,7.6355,167.831424,-18.116129,12.13
tamtam_nuevo.000282.log,7.4723,167.875118,-18.075666,16.29
tamtam_nuevo.000283.log,7.4367,168.177811,-17.825183,33.29
tamtam_nuevo.000284.log,7.5705,168.437848,-18.236389,32.05
tamtam_nuevo.000285.log,7.3505,168.288918,-17.80114,44.38
tamtam_nuevo.000286.log,7.4625,168.741921,-18.651463,52.49
tamtam_nuevo.000287.log,7.538,168.029002,-18.037507,20.91
tamtam_nuevo.000288.log,7.4859,167.797564,-18.16124,11.62
tamtam_nuevo.000289.log,7.5593,167.586421,-18.008515,9.07
tamtam_nuevo.000290.log,7.4286,167.781022,-18.140701,12.32
tamtam_nuevo.000291.log,7.6142,168.567578,-18.334732,46.78
tamtam_nuevo.000292.log,7.3856,167.938071,-17.653206,23.03
tamtam_nuevo.000293.log,7.2681,167.830345,-18.007334,13.85
tamtam_nuevo.000294.log,7.4943,167.988091,-18.020261,19.03
tamtam_nuevo.000295.log,7.4342,168.428946,-17.982803,49.58
tamtam_nuevo.000296.log,7.4862,168.447123,-17.956304,46.02
tamtam_nuevo.000297.log,7.5295,167.793209,-18.093614,12.83
tamtam_nuevo.000298.log,7.4968,168.378392,-17.824798,49.23
tamtam_nuevo.000299.log,7.7922,167.75899,-18.18297,11.22
tamtam_nuevo.000300.log,7.4238,168.468575,-18.355406,40.22
tamtam_nuevo.000301.log,7.4213,167.783602,-18.120758,11.25
tamtam_nuevo.000302.log,7.5506,167.707804,-18.516285,8.09
tamtam_nuevo.000303.log,7.6484,168.050062,-18.246618,19.57
tamtam_nuevo.000304.log,7.3878,167.773707,-18.210223,10.97
tamtam_nuevo.000305.log,7.5886,167.985028,-18.086226,17.23
tamtam_nuevo.000306.log,7.631,167.647231,-18.084461,9.14
tamtam_nuevo.000307.log,7.3686,167.993425,-18.141056,17.72
tamtam_nuevo.000308.log,7.3826,167.980181,-17.734924,20.52
tamtam_nuevo.000309.log,7.3796,167.873628,-18.281091,13.28
tamtam_nuevo.000310.log,7.2724,168.045755,-18.132659,19.45
tamtam_nuevo.000311.log,7.3954,167.842845,-18.234503,12.1
tamtam_nuevo.000312.log,7.2109,168.110221,-17.792508,30.26
tamtam_nuevo.000313.log,7.3153,168.040172,-18.132925,17.88
tamtam_nuevo.000314.log,7.5979,168.20496,-17.968942,30.75
tamtam_nuevo.000315.log,7.7099,167.866766,-18.094784,13.75
tamtam_nuevo.000316.log,7.354,168.443704,-17.922423,53.82
tamtam_nuevo.000317.log,7.2518,168.22123,-18.036844,32.03
tamtam_nuevo.000318.log,7.5188,168.274775,-17.601348,45.07
tamtam_nuevo.000319.log,7.3274,168.313712,-18.212103,33.14
tamtam_nuevo.000320.log,7.2847,168.191501,-17.754861,33.97
tamtam_nuevo.000321.log,7.5988,168.00501,-18.138694,18.49
tamtam_nuevo.000322.log,7.693,168.107517,-17.982928,26.69
tamtam_nuevo.000323.log,7.6221,168.182242,-17.920288,32.92
tamtam_nuevo.000324.log,7.4716,168.250452,-18.083804,30.52
tamtam_nuevo.000325.log,7.5062,167.852225,-17.816608,16.62
tamtam_nuevo.000326.log,7.4973,168.09699,-18.449312,17.11
tamtam_nuevo.000327.log,7.6846,168.067539,-17.958234,22.41
tamtam_nuevo.000328.log,7.3613,167.608179,-17.769659,10.97
tamtam_nuevo.000329.log,7.4331,168.283665,-17.9951,35.21
tamtam_nuevo.000330.log,7.2705,168.505081,-17.92918,49.4
tamtam_nuevo.000331.log,7.633,167.752418,-18.229928,10.33
tamtam_nuevo.000332.log,7.4347,168.035619,-17.955225,23.26
tamtam_nuevo.000333.log,7.4645,168.021902,-18.202573,17.96
tamtam_nuevo.000334.log,7.374,167.952439,-18.012257,18.18
tamtam_nuevo.000335.log,7.6496,168.310593,-17.784556,46.63
tamtam_nuevo.000336.log,7.7161,167.83983,-18.182609,12.53
tamtam_nuevo.000337.log,7.678,168.351069,-18.163952,32.52
tamtam_nuevo.000338.log,7.8278,167.953093,-17.97879,21.95
tamtam_nuevo.000339.log,7.5715,167.808673,-18.068452,13.63
tamtam_nuevo.000340.log,7.5388,167.616323,-17.881596,9.48
tamtam_nuevo.000341.log,7.7843,167.667966,-18.009296,10.03
tamtam_nuevo.000342.log,7.5683,167.932779,-18.227775,15.69
tamtam_nuevo.000343.log,7.4663,168.451348,-18.002739,45.77
tamtam_nuevo.000344.log,7.7128,168.185935,-18.007299,27.23
tamtam_nuevo.000345.log,7.9522,168.326847,-17.7554,47.38
tamtam_nuevo.000346.log,7.721,167.6491,-17.94766,9.91
tamtam_nuevo.000347.log,7.8843,167.951761,-18.091476,16.57
tamtam_nuevo.000348.log,7.5067,167.827501,-18.027771,13.83
tamtam_nuevo.000349.log,7.5548,168.17303,-18.332642,23.58
tamtam_nuevo.000350.log,7.533,167.75815,-17.957109,11.9
tamtam_nuevo.000351.log,7.6717,167.92906,-18.021886,20.46
tamtam_nuevo.000352.log,7.4213,167.796806,-18.019447,12.45
tamtam_nuevo.000353.log,7.4257,167.817185,-18.126297,11.71
tamtam_nuevo.000354.log,7.6124,167.72763,-18.217656,10.4
tamtam_nuevo.000355.log,7.4649,168.314445,-17.432038,54.11
tamtam_nuevo.000356.log,7.4847,167.844359,-18.15183,14.18
tamtam_nuevo.000357.log,7.4238,168.094092,-17.845666,28.92
tamtam_nuevo.000358.log,7.5288,167.633038,-17.844631,9.3
tamtam_nuevo.000359.log,7.7188,168.558451,-18.267982,51.88
tamtam_nuevo.000360.log,7.7422,167.810406,-18.146991,12.35
tamtam_nuevo.000361.log,7.6713,167.746042,-17.814354,14.15
tamtam_nuevo.000362.log,7.7153,168.152779,-17.989625,27.98
tamtam_nuevo.000363.log,7.6684,167.943986,-17.942327,18.29
tamtam_nuevo.000364.log,7.8676,167.986458,-18.161701,17.25
tamtam_nuevo.000365.log,7.7958,167.845258,-18.129289,13.0
tamtam_nuevo.000366.log,7.52,168.327487,-17.792105,47.58
tamtam_nuevo.000367.log,7.4272,168.455039,-18.288618,43.76
tamtam_nuevo.000368.log,7.6003,168.511445,-18.339414,41.82
tamtam_nuevo.000369.log,7.7782,167.817816,-18.301489,10.43
tamtam_nuevo.000370.log,7.5475,167.838907,-18.071912,14.19
tamtam_nuevo.000371.log,7.5627,168.446805,-17.847001,48.95
tamtam_nuevo.000372.log,7.5334,167.91563,-18.048896,16.6
tamtam_nuevo.000373.log,7.8164,167.919842,-18.030964,16.87
tamtam_nuevo.000374.log,7.4473,167.66465,-17.903637,10.62
tamtam_nuevo.000375.log,7.611,168.401425,-17.827159,49.16
tamtam_nuevo.000376.log,7.6337,167.976528,-18.314257,15.15
tamtam_nuevo.000377.log,7.9663,167.842788,-17.922047,15.31
tamtam_nuevo.000378.log,7.4145,167.726432,-17.894025,12.19
tamtam_nuevo.000379.log,7.6623,168.220957,-17.865143,33.07
tamtam_nuevo.000380.log,7.7422,168.088019,-17.904492,27.78
tamtam_nuevo.000381.log,7.6275,167.837019,-17.789873,16.4
tamtam_nuevo.000382.log,7.6307,168.210551,-18.052388,29.25
tamtam_nuevo.000383.log,8.0403,168.328075,-17.912668,42.66
tamtam_nuevo.000384.log,7.8556,168.210123,-17.937166,34.36
tamtam_nuevo.000385.log,7.6391,167.753683,-18.178231,11.32
tamtam_nuevo.000386.log,7.7318,168.414909,-18.181155,39.63
tamtam_nuevo.000387.log,7.7032,168.278654,-18.082076,31.39
tamtam_nuevo.000388.log,7.6565,167.764468,-18.260157,10.96
tamtam_nuevo.000389.log,7.7443,168.439119,-17.986778,44.88
tamtam_nuevo.000390.log,7.7941,167.955817,-18.374829,14.67
tamtam_nuevo.000391.log,7.7451,168.169083,-17.926083,30.06
tamtam_nuevo.000392.log,7.7386,168.219519,-18.057684,27.21
tamtam_nuevo.000393.log,7.682,167.943167,-18.07906,17.63
tamtam_nuevo.000394.log,7.7304,167.850973,-18.109982,13.82
tamtam_nuevo.000395.log,7.5684,168.346001,-17.583067,50.95
tamtam_nuevo.000396.log,7.9211,167.965291,-18.060479,17.32
tamtam_nuevo.000397.log,7.8669,167.923823,-18.240583,15.21
tamtam_nuevo.000398.log,7.6337,168.053966,-17.814252,25.34
tamtam_nuevo.000399.log,7.6634,167.709031,-18.250145,9.56
tamtam_nuevo.000400.log,7.9038,168.51848,-18.049101,52.43
tamtam_nuevo.000401.log,7.8974,167.823833,-18.168232,11.71
tamtam_nuevo.000402.log,7.9752,168.389048,-17.943964,43.02
tamtam_nuevo.000403.log,7.6939,167.700284,-18.180507,9.46
tamtam_nuevo.000404.log,7.6181,168.403879,-17.768739,54.4
tamtam_nuevo.000405.log,7.4967,167.849813,-17.815777,18.29
tamtam_nuevo.000406.log,7.7651,167.879089,-18.011171,16.6
tamtam_nuevo.000407.log,7.5554,168.176952,-18.333729,20.93
tamtam_nuevo.000408.log,7.9305,168.32719,-17.735381,44.96
tamtam_nuevo.000409.log,7.6308,168.026673,-18.082775,17.56
tamtam_nuevo.000410.log,7.4213,167.978184,-18.302529,17.39
tamtam_nuevo.000411.log,7.855,167.812674,-18.09312,14.37
tamtam_nuevo.000412.log,7.9734,167.825885,-18.260224,11.63
tamtam_nuevo.000413.log,8.0217,168.022345,-18.032773,18.57
tamtam_nuevo.000414.log,7.7581,168.234439,-18.176123,28.86
tamtam_nuevo.000415.log,7.995,168.500827,-17.975927,53.29
tamtam_nuevo.000416.log,7.7529,167.933215,-17.968398,19.47
tamtam_nuevo.000417.log,7.88,168.507057,-18.116535,47.88
tamtam_nuevo.000418.log,7.8672,168.368883,-17.871289,45.66
tamtam_nuevo.000419.log,7.6988,167.880256,-17.938226,16.34
tamtam_nuevo.000420.log,7.8125,168.743217,-18.317546,53.21
tamtam_nuevo.000421.log,7.9123,168.421418,-18.367209,34.95
tamtam_nuevo.000422.log,7.8078,168.131116,-18.47628,16.01
tamtam_nuevo.000423.log,7.7835,168.505489,-18.262602,43.1
tamtam_nuevo.000424.log,7.6682,168.074209,-18.087574,20.79
tamtam_nuevo.000425.log,7.8705,168.190855,-17.549529,43.14
tamtam_nuevo.000426.log,7.9462,168.097686,-17.936621,24.87
tamtam_nuevo.000427.log,7.656,168.375078,-17.840906,48.94
tamtam_nuevo.000428.log,7.8471,167.746985,-18.259146,10.44
tamtam_nuevo.000429.log,7.9526,168.252442,-18.077836,31.83
tamtam_nuevo.000430.log,7.4741,168.167909,-17.975547,29.12
tamtam_nuevo.000431.log,7.6919,168.076904,-18.272388,17.3
tamtam_nuevo.000432.log,7.5987,168.540737,-18.26693,46.22
tamtam_nuevo.000433.log,7.3621,168.035294,-18.269332,16.54
tamtam_nuevo.000434.log,7.8955,168.28456,-17.752866,43.67
tamtam_nuevo.000435.log,7.7498,168.015469,-18.094474,17.27
tamtam_nuevo.000436.log,8.1216,168.250979,-17.94487,35.61
tamtam_nuevo.000437.log,7.6312,167.847196,-17.949118,16.78
tamtam_nuevo.000438.log,7.8867,168.039523,-18.082285,22.43
tamtam_nuevo.000439.log,7.7648,168.171445,-17.838131,29.17
tamtam_nuevo.000440.log,7.8383,167.945022,-18.029515,18.08
tamtam_nuevo.000441.log,7.9283,168.082362,-17.996296,23.71
tamtam_nuevo.000442.log,7.8381,167.913671,-18.29282,11.52
tamtam_nuevo.000443.log,8.1015,167.958302,-18.020256,16.91
tamtam_nuevo.000444.log,7.8826,167.894464,-18.044579,14.71
tamtam_nuevo.000445.log,7.9076,168.346858,-18.013776,38.15
tamtam_nuevo.000446.log,8.1712,167.965422,-18.160269,16.59
tamtam_nuevo.000447.log,7.6126,167.990083,-18.105522,21.65
tamtam_nuevo.000448.log,7.8359,167.970308,-17.958333,20.33
tamtam_nuevo.000449.log,7.759,168.10628,-18.106239,28.22
tamtam_nuevo.000450.log,7.6898,167.978108,-18.035579,18.0
tamtam_nuevo.000451.log,7.9119,168.306031,-17.549409,49.71
tamtam_nuevo.000452.log,7.9313,168.229734,-18.124645,32.15
tamtam_nuevo.000453.log,7.6796,168.270156,-17.93559,36.03
tamtam_nuevo.000454.log,7.6837,168.273984,-17.994041,33.84
tamtam_nuevo.000455.log,7.9569,167.717637,-18.053825,13.15
tamtam_nuevo.000456.log,7.7913,168.052655,-18.275976,18.02
tamtam_nuevo.000457.log,7.8674,168.084932,-18.023551,25.48
tamtam_nuevo.000458.log,7.82,167.661268,-17.874368,11.17
tamtam_nuevo.000459.log,7.8888,167.947353,-17.993708,16.98
tamtam_nuevo.000460.log,7.5199,167.839902,-18.004083,14.86
tamtam_nuevo.000461.log,7.8285,167.987189,-18.082607,17.78
tamtam_nuevo.000462.log,7.5215,168.03585,-18.091699,17.81
tamtam_nuevo.000463.log,7.8056,167.955465,-18.084005,15.73
tamtam_nuevo.000464.log,7.6709,168.099089,-18.154154,21.5
tamtam_nuevo.000465.log,7.805,168.198215,-17.529496,43.89
tamtam_nuevo.000466.log,7.8136,168.409706,-18.151283,40.57
tamtam_nuevo.000467.log,7.9984,167.951956,-18.179009,15.25
tamtam_nuevo.000468.log,7.8328,168.365605,-17.747681,46.16
tamtam_nuevo.000469.log,8.0042,168.183734,-17.747614,33.67
tamtam_nuevo.000470.log,7.7777,168.105744,-18.180727,19.0
tamtam_nuevo.000471.log,7.8145,167.876075,-17.973766,15.78
tamtam_nuevo.000472.log,7.9437,168.210488,-18.035391,31.98
tamtam_nuevo.000473.log,7.9722,168.341511,-17.696123,48.99
tamtam_nuevo.000474.log,7.8422,168.468269,-17.979858,45.73
tamtam_nuevo.000475.log,7.8464,168.325766,-18.236679,31.47
tamtam_nuevo.000476.log,7.9699,168.028981,-17.95792,25.21
tamtam_nuevo.000477.log,8.1879,167.87611,-18.041958,14.79
tamtam_nuevo.000478.log,7.9048,168.27561,-17.773428,41.3
tamtam_nuevo.000479.log,7.9295,168.026562,-18.028133,22.71
tamtam_nuevo.000480.log,7.9244,168.108567,-18.147532,24.11
tamtam_nuevo.000481.log,7.6875,168.097796,-18.034981,24.52
tamtam_nuevo.000482.log,7.9636,167.966952,-18.122024,18.45
tamtam_nuevo.000483.log,7.9749,168.125411,-18.117054,24.07
tamtam_nuevo.000484.log,7.8397,168.512509,-18.007218,49.38
tamtam_nuevo.000485.log,7.5939,168.040283,-17.792801,24.7
tamtam_nuevo.000486.log,7.9221,167.95231,-18.217407,16.7
tamtam_nuevo.000487.log,8.0524,168.015797,-18.142531,17.58
tamtam_nuevo.000488.log,7.9546,167.836207,-18.061652,13.67
tamtam_nuevo.000489.log,8.1492,168.4787,-18.191099,40.62
tamtam_nuevo.000490.log,8.0506,167.857924,-18.01771,15.03
tamtam_nuevo.000491.log,7.9293,168.087916,-18.210036,22.16
tamtam_nuevo.000492.log,7.8962,167.957727,-17.964827,22.85
tamtam_nuevo.000493.log,7.6226,168.067818,-18.109811,22.39
tamtam_nuevo.000494.log,7.9623,168.089303,-18.190461,19.78
tamtam_nuevo.000495.log,7.7022,168.549655,-18.20314,45.92
tamtam_nuevo.000496.log,7.9925,167.965716,-18.065144,18.22
tamtam_nuevo.000497.log,7.7399,168.194317,-17.800164,34.48
tamtam_nuevo.000498.log,7.8889,168.401172,-18.15195,38.58
tamtam_nuevo.000499.log,7.7789,168.29988,-17.857724,39.47
tamtam_nuevo.000500.log,7.8525,168.036061,-18.258845,16.04
tamtam_nuevo.000501.log,7.7643,168.237183,-17.954524,33.81
tamtam_nuevo.000502.log,7.798,168.437062,-17.948621,48.0
tamtam_nuevo.000503.log,7.8365,168.395656,-17.987284,39.98
tamtam_nuevo.000504.log,8.0504,168.198551,-18.155106,25.98
tamtam_nuevo.000505.log,7.9343,167.778181,-18.033212,13.3
tamtam_nuevo.000506.log,7.751,168.253825,-18.078082,35.11
tamtam_nuevo.000507.log,7.6462,167.90164,-18.035498,17.62
tamtam_nuevo.000508.log,7.955,168.340835,-17.946372,42.24
tamtam_nuevo.000509.log,8.1356,168.187184,-17.866479,33.12
tamtam_nuevo.000510.log,7.8868,168.090696,-18.063692,25.04
tamtam_nuevo.000511.log,7.8424,168.092652,-18.046432,24.03
tamtam_nuevo.000512.log,8.0968,167.89321,-18.109555,15.74
tamtam_nuevo.000513.log,7.9527,167.835214,-18.02062,15.15
tamtam_nuevo.000514.log,7.7759,168.348797,-18.00973,40.91
tamtam_nuevo.000515.log,7.7756,167.978529,-18.086086,18.93
tamtam_nuevo.000516.log,8.1928,168.091309,-18.400042,18.31
tamtam_nuevo.000517.log,8.0058,168.159517,-18.070882,25.97
tamtam_nuevo.000518.log,7.636,168.127723,-18.32677,21.29
tamtam_nuevo.000519.log,7.571,168.329304,-18.141596,32.95
tamtam_nuevo.000520.log,8.0345,168.033865,-18.137898,18.25
tamtam_nuevo.000521.log,8.0201,168.2236,-18.011041,34.34
tamtam_nuevo.000522.log,8.1569,167.855652,-18.355819,12.23
tamtam_nuevo.000523.log,8.0327,167.911415,-18.372399,13.3
tamtam_nuevo.000524.log,7.7407,168.187252,-18.060892,31.58
tamtam_nuevo.000525.log,8.1476,167.874805,-17.839215,17.39
tamtam_nuevo.000526.log,7.9919,167.955049,-18.1829,14.39
tamtam_nuevo.000527.log,7.9599,167.939862,-18.151026,17.18
tamtam_nuevo.000528.log,8.0337,168.160029,-18.194662,23.0
tamtam_nuevo.000529.log,8.306,168.335026,-17.880769,42.11
tamtam_nuevo.000530.log,8.1639,168.25281,-18.12367,32.26
tamtam_nuevo.000531.log,7.907,167.870042,-17.995206,16.72
tamtam_nuevo.000532.log,7.8427,168.267834,-18.28815,29.52
tamtam_nuevo.000533.log,7.8523,167.939704,-18.1367,16.44
tamtam_nuevo.000534.log,8.0824,168.047542,-18.040012,22.19
tamtam_nuevo.000535.log,8.1249,167.833673,-18.029634,13.5
tamtam_nuevo.000536.log,7.7946,167.772949,-18.042001,13.18
tamtam_nuevo.000537.log,7.9435,168.055777,-18.052217,22.42
tamtam_nuevo.000538.log,7.7476,168.282393,-17.969243,36.5
tamtam_nuevo.000539.log,7.6742,168.150643,-18.08334,24.92
tamtam_nuevo.000540.log,7.7087,168.118116,-18.261728,20.15
tamtam_nuevo.000541.log,8.0456,167.998025,-17.968237,21.62
tamtam_nuevo.000542.log,7.8387,168.462133,-18.118158,43.1
tamtam_nuevo.000543.log,7.7982,168.052319,-18.145555,20.68
tamtam_nuevo.000544.log,7.9248,168.450435,-18.210548,39.23
tamtam_nuevo.000545.log,7.9819,168.380699,-18.106995,38.43
tamtam_nuevo.000546.log,8.0204,168.440648,-18.143028,43.53
tamtam_nuevo.000547.log,7.8014,168.005287,-18.148041,19.42
tamtam_nuevo.000548.log,8.23,168.120657,-18.090296,25.92
tamtam_nuevo.000549.log,7.8325,168.265783,-17.548798,45.98
tamtam_nuevo.000550.log,7.8356,167.769993,-18.145208,12.5
tamtam_nuevo.000551.log,7.9542,168.128341,-18.126841,26.45
tamtam_nuevo.000552.log,8.0037,167.908721,-17.892134,17.94
tamtam_nuevo.000553.log,7.9439,167.917801,-18.083086,18.88
tamtam_nuevo.000554.log,8.0693,167.537614,-18.069745,8.1
tamtam_nuevo.000555.log,7.9177,168.382868,-17.960291,43.36
tamtam_nuevo.000556.log,7.916,168.038216,-18.141544,19.77
tamtam_nuevo.000557.log,7.9526,168.324995,-18.21226,34.41
tamtam_nuevo.000558.log,7.9099,167.968599,-18.169974,18.26
tamtam_nuevo.000559.log,7.836,168.498906,-18.067969,47.8
tamtam_nuevo.000560.log,8.261,168.369998,-18.251611,34.91
tamtam_nuevo.000561.log,7.959,168.552561,-18.543617,38.05
tamtam_nuevo.000562.log,8.091,168.197063,-18.102509,23.86
tamtam_nuevo.000563.log,8.2185,168.353321,-18.214329,35.08
tamtam_nuevo.000564.log,8.0663,168.506979,-18.204943,43.73
tamtam_nuevo.000565.log,8.2075,168.023648,-18.127667,18.76
tamtam_nuevo.000566.log,8.0531,168.322063,-18.066509,36.02
tamtam_nuevo.000567.log,7.9169,168.546948,-18.153775,45.56
tamtam_nuevo.000568.log,7.958,167.900864,-17.887538,15.51
tamtam_nuevo.000569.log,8.0193,168.563122,-18.198717,46.61
tamtam_nuevo.000570.log,8.0212,168.150324,-18.083998,26.65
tamtam_nuevo.000571.log,7.8383,168.184765,-18.003084,30.3
tamtam_nuevo.000572.log,8.006,168.08215,-18.156322,22.22
tamtam_nuevo.000573.log,8.0772,167.911165,-18.165321,17.55
tamtam_nuevo.000574.log,8.2577,168.141902,-18.163464,25.07
tamtam_nuevo.000575.log,7.846,168.117324,-18.003392,25.33
tamtam_nuevo.000576.log,7.9182,168.040573,-18.104165,23.25
tamtam_nuevo.000577.log,7.9261,167.922356,-18.136281,15.97
tamtam_nuevo.000578.log,8.1596,168.762237,-18.420111,49.88
tamtam_nuevo.000579.log,8.2078,168.205471,-18.109936,30.33
tamtam_nuevo.000580.log,8.035,168.102141,-17.87958,31.27
tamtam_nuevo.000581.log,7.7531,168.134411,-18.029008,25.76
tamtam_nuevo.000582.log,8.0695,168.397093,-17.883236,50.04
tamtam_nuevo.000583.log,8.0452,168.504724,-18.165328,45.46
tamtam_nuevo.000584.log,8.3326,168.262575,-17.414677,49.85
tamtam_nuevo.000585.log,8.1355,168.063524,-17.941795,24.9
tamtam_nuevo.000586.log,7.8626,168.460969,-18.240936,39.46
tamtam_nuevo.000587.log,8.2251,168.317037,-17.864847,41.27
tamtam_nuevo.000588.log,8.243,168.073556,-18.016315,24.58
tamtam_nuevo.000589.log,8.15,168.125214,-18.063271,28.66
tamtam_nuevo.000590.log,8.1523,168.409915,-18.023616,43.03
tamtam_nuevo.000591.log,7.9324,168.442276,-18.023802,46.3
tamtam_nuevo.000592.log,7.9974,167.966143,-18.213228,16.94
tamtam_nuevo.000593.log,8.0834,167.931677,-17.994915,19.01
tamtam_nuevo.000594.log,7.9919,168.165515,-18.203678,26.73
tamtam_nuevo.000595.log,7.9845,168.241681,-17.989103,35.22
tamtam_nuevo.000596.log,8.0035,168.233558,-18.086602,31.6
tamtam_nuevo.000597.log,8.0918,168.016748,-17.910412,23.46
tamtam_nuevo.000598.log,8.2383,168.081063,-18.015665,25.89
tamtam_nuevo.000599.log,7.8314,167.907313,-18.062216,17.6
tamtam_nuevo.000600.log,8.285,168.356397,-17.87047,44.48
tamtam_nuevo.000601.log,8.236,168.459756,-18.093897,45.37
tamtam_nuevo.000602.log,7.899,168.223592,-18.077501,27.97
tamtam_nuevo.000603.log,8.412,168.029725,-18.033601,20.45
tamtam_nuevo.000604.log,8.3051,167.973613,-18.198852,15.24
tamtam_nuevo.000605.log,8.3061,168.199169,-17.940653,33.38
tamtam_nuevo.000606.log,8.0189,168.375387,-18.008528,41.92
tamtam_nuevo.000607.log,8.1652,167.790229,-18.1125,12.68
tamtam_nuevo.000608.log,7.9676,168.320259,-18.016886,35.55
tamtam_nuevo.000609.log,8.2054,168.103272,-17.853586,25.55
tamtam_nuevo.000610.log,8.0564,168.41775,-18.076907,40.9
tamtam_nuevo.000611.log,8.1833,167.849311,-18.197088,14.38
tamtam_nuevo.000612.log,8.278,168.155629,-18.02976,29.96
tamtam_nuevo.000613.log,8.1534,168.172385,-18.252398,25.8
tamtam_nuevo.000614.log,8.1319,168.207769,-17.835518,34.08
tamtam_nuevo.000615.log,8.201,167.962145,-18.221983,17.95
tamtam_nuevo.000616.log,7.8747,167.997255,-17.939138,22.14
tamtam_nuevo.000617.log,8.1425,168.120997,-18.023339,26.97
tamtam_nuevo.000618.log,8.1006,168.412188,-17.88428,49.78
tamtam_nuevo.000619.log,8.0272,167.974917,-18.087797,18.0
tamtam_nuevo.000620.log,8.3735,168.075604,-18.184917,21.77
tamtam_nuevo.000621.log,8.151,168.024214,-18.085607,22.4
tamtam_nuevo.000622.log,8.1339,168.012314,-18.165737,18.12
tamtam_nuevo.000623.log,7.9579,168.24518,-18.245116,29.36
tamtam_nuevo.000624.log,8.2585,168.337054,-17.945149,41.06
tamtam_nuevo.000625.log,7.9496,168.339603,-18.035416,39.2
tamtam_nuevo.000626.log,8.1438,167.862824,-18.070661,16.36
tamtam_nuevo.000627.log,8.1118,168.352662,-17.920833,44.64
tamtam_nuevo.000628.log,8.1884,168.343174,-17.894448,42.67
tamtam_nuevo.000629.log,8.3682,168.487609,-18.327644,44.17
tamtam_nuevo.000630.log,8.1847,168.415491,-18.267369,35.27
tamtam_nuevo.000631.log,8.2546,168.044005,-18.199135,20.14
tamtam_nuevo.000632.log,8.0342,167.923786,-18.0898,17.12
tamtam_nuevo.000633.log,8.325,167.817672,-18.11124,12.74
tamtam_nuevo.000634.log,8.0944,167.825357,-18.019299,15.11
tamtam_nuevo.000635.log,7.9393,168.003254,-18.042856,20.94
tamtam_nuevo.000636.log,8.318,168.228367,-18.145426,29.84
tamtam_nuevo.000637.log,8.2523,168.224495,-18.147177,27.16
tamtam_nuevo.000638.log,8.0685,168.180608,-18.022534,30.56
tamtam_nuevo.000639.log,8.287,168.594615,-18.206771,46.04
tamtam_nuevo.000640.log,8.2106,168.08358,-18.038356,24.24
tamtam_nuevo.000641.log,8.2696,168.084815,-18.11503,20.56
tamtam_nuevo.000642.log,8.3707,168.300062,-17.956987,37.04
tamtam_nuevo.000643.log,8.4162,168.298119,-17.977363,36.11
tamtam_nuevo.000644.log,8.3887,167.843559,-18.253207,14.36
tamtam_nuevo.000645.log,7.9391,168.373431,-18.284174,33.91
tamtam_nuevo.000646.log,7.9049,168.178895,-17.729661,34.85
tamtam_nuevo.000647.log,8.0866,168.3307,-17.982076,39.76
tamtam_nuevo.000648.log,7.8887,167.912773,-17.940476,15.72
tamtam_nuevo.000649.log,8.1159,168.528387,-18.319207,47.51
tamtam_nuevo.000650.log,8.2616,167.930537,-17.958849,20.05
tamtam_nuevo.000651.log,8.2325,168.274959,-18.053932,34.15
tamtam_nuevo.000652.log,8.2132,168.340396,-18.188806,34.64
tamtam_nuevo.000653.log,8.2265,168.488881,-18.199473,45.84
tamtam_nuevo.000654.log,8.0203,168.013125,-18.030371,24.5
tamtam_nuevo.000655.log,7.9227,168.060204,-18.092918,23.83
tamtam_nuevo.000656.log,8.2432,167.998811,-18.099397,20.7
tamtam_nuevo.000657.log,8.1957,167.979463,-18.130825,19.8
tamtam_nuevo.000658.log,7.9579,168.422799,-18.378691,31.25
tamtam_nuevo.000659.log,8.0278,168.058947,-18.255315,17.88
tamtam_nuevo.000660.log,8.0334,168.018304,-18.10462,23.11
tamtam_nuevo.000661.log,8.2362,168.080206,-17.869524,27.42
tamtam_nuevo.000662.log,8.0751,167.877301,-18.032586,17.28
tamtam_nuevo.000663.log,8.2356,168.068756,-18.082139,24.74
tamtam_nuevo.000664.log,8.2775,168.173767,-18.147962,28.39
tamtam_nuevo.000665.log,8.2342,168.165313,-18.076005,29.23
tamtam_nuevo.000666.log,8.6019,167.816938,-18.182829,12.17
tamtam_nuevo.000667.log,8.3841,168.107692,-17.994429,27.62
tamtam_nuevo.000668.log,8.3761,168.417678,-18.047595,41.67
tamtam_nuevo.000669.log,8.2668,168.033699,-18.064725,21.34
tamtam_nuevo.000670.log,8.1416,168.309905,-18.120321,34.92
tamtam_nuevo.000671.log,8.1605,168.445954,-18.15291,43.88
tamtam_nuevo.000672.log,8.3461,168.066202,-18.066223,23.28
tamtam_nuevo.000673.log,8.1473,168.004331,-18.118417,19.99
tamtam_nuevo.000674.log,8.1762,168.327869,-17.70714,45.17
tamtam_nuevo.000675.log,8.26,168.404628,-18.159265,42.81
tamtam_nuevo.000676.log,8.2465,168.20073,-18.157258,30.29
tamtam_nuevo.000677.log,8.4577,168.255477,-18.075017,29.2
tamtam_nuevo.000678.log,8.3441,168.373,-18.111589,39.67
tamtam_nuevo.000679.log,8.3487,168.201574,-17.969806,34.65
tamtam_nuevo.000680.log,8.2513,168.056405,-18.051636,25.92
tamtam_nuevo.000681.log,8.3367,168.338786,-18.028157,40.05
tamtam_nuevo.000682.log,8.4897,168.376291,-17.943865,39.9
tamtam_nuevo.000683.log,8.2476,168.208468,-18.138319,33.62
tamtam_nuevo.000684.log,8.3302,168.14089,-18.104674,26.7
tamtam_nuevo.000685.log,8.4478,167.942856,-18.046127,20.57
tamtam_nuevo.000686.log,8.2086,168.362846,-18.249018,35.62
tamtam_nuevo.000687.log,8.3858,167.908105,-18.03045,18.03
tamtam_nuevo.000688.log,8.5727,168.09816,-18.185832,25.74
tamtam_nuevo.000689.log,8.5051,167.902747,-18.113175,15.86
tamtam_nuevo.000690.log,8.4587,168.089562,-18.028587,28.5
tamtam_nuevo.000691.log,8.2896,168.251625,-18.021782,37.32
tamtam_nuevo.000692.log,8.2042,168.13817,-17.924814,30.5
tamtam_nuevo.000693.log,8.3306,168.238672,-17.786321,35.81
tamtam_nuevo.000694.log,8.3262,168.544541,-18.233322,46.91
tamtam_nuevo.000695.log,8.1283,168.385305,-18.256327,34.62
tamtam_nuevo.000696.log,8.2309,167.706884,-18.141175,10.59
tamtam_nuevo.000697.log,8.3553,168.305266,-17.696653,45.26
tamtam_nuevo.000698.log,8.6897,168.073775,-18.08695,23.27
tamtam_nuevo.000699.log,8.3067,168.285686,-18.176474,33.04
tamtam_nuevo.000700.log,8.0862,168.175578,-18.229334,26.07
tamtam_nuevo.000701.log,8.5297,168.27713,-18.135235,28.5
tamtam_nuevo.000702.log,8.3417,168.16807,-18.119557,26.35
tamtam_nuevo.000703.log,8.1445,168.041573,-17.904399,23.33
tamtam_nuevo.000704.log,8.3958,167.983529,-17.91825,22.53
tamtam_nuevo.000705.log,8.3078,168.127053,-18.007,27.1
tamtam_nuevo.000706.log,8.3182,168.178222,-17.993501,30.77
tamtam_nuevo.000707.log,8.2992,167.867247,-17.899769,15.65
tamtam_nuevo.000708.log,8.291,168.330947,-17.936382,41.78
tamtam_nuevo.000709.log,8.0988,167.945439,-18.136724,17.22
tamtam_nuevo.000710.log,8.1545,168.04794,-17.888218,24.67
tamtam_nuevo.000711.log,8.0515,168.03124,-18.060954,22.65
tamtam_nuevo.000712.log,8.3772,168.31838,-17.948599,37.33
tamtam_nuevo.000713.log,8.2553,168.106311,-18.160525,27.58
tamtam_nuevo.000714.log,8.4643,168.323342,-17.933163,38.14
tamtam_nuevo.000715.log,8.0611,168.26453,-18.09675,32.74
tamtam_nuevo.000716.log,8.2504,168.163777,-18.091967,28.63
tamtam_nuevo.000717.log,8.4421,168.04938,-18.054726,24.73
tamtam_nuevo.000718.log,8.2477,168.221085,-18.070294,33.84
tamtam_nuevo.000719.log,8.3889,168.277453,-18.019674,36.92
tamtam_nuevo.000720.log,8.3936,168.107873,-17.927306,25.33
tamtam_nuevo.000721.log,8.2706,168.302939,-18.124764,35.94
tamtam_nuevo.000722.log,8.5496,167.922034,-18.106445,16.33
tamtam_nuevo.000723.log,8.7414,167.990811,-18.044134,21.59
tamtam_nuevo.000724.log,8.4161,168.304685,-18.101563,32.13
tamtam_nuevo.000725.log,8.2571,168.104532,-18.133173,26.62
tamtam_nuevo.000726.log,8.076,168.507843,-18.300219,40.13
tamtam_nuevo.000727.log,8.1666,168.033647,-17.97536,24.57
tamtam_nuevo.000728.log,8.398,168.531538,-18.323244,43.68
tamtam_nuevo.000729.log,8.342,168.336531,-18.339856,35.23
tamtam_nuevo.000730.log,8.3697,168.249811,-17.943077,37.63
tamtam_nuevo.000731.log,8.4262,167.912948,-18.094018,19.18
tamtam_nuevo.000732.log,8.2933,167.893167,-18.040436,17.66
tamtam_nuevo.000733.log,8.6467,167.85962,-18.130051,13.1
tamtam_nuevo.000734.log,8.458,167.941697,-18.192507,14.44
tamtam_nuevo.000735.log,8.4348,167.981331,-17.991535,19.97
tamtam_nuevo.000736.log,8.3105,168.103404,-17.99731,28.54
tamtam_nuevo.000737.log,8.6064,167.965969,-18.103005,17.36
tamtam_nuevo.000738.log,8.3273,167.983775,-18.100121,19.91
tamtam_nuevo.000739.log,8.1851,168.058038,-17.901629,27.22
tamtam_nuevo.000740.log,8.4499,168.189925,-17.937456,32.68
tamtam_nuevo.000741.log,8.41,168.206433,-18.056092,33.99
tamtam_nuevo.000742.log,8.315,168.011377,-18.079898,23.76
tamtam_nuevo.000743.log,8.3661,168.394524,-18.238734,35.42
tamtam_nuevo.000744.log,8.2253,168.222493,-18.031809,31.26
tamtam_nuevo.000745.log,8.3814,168.023676,-18.064682,22.08
tamtam_nuevo.000746.log,8.371,168.183481,-18.099572,32.14
tamtam_nuevo.000747.log,8.1658,168.006839,-18.140021,18.16
tamtam_nuevo.000748.log,8.4028,167.834761,-17.990929,13.61
tamtam_nuevo.000749.log,8.4175,168.161671,-18.21263,26.94
tamtam_nuevo.000750.log,8.2146,168.479495,-17.889313,49.88
tamtam_nuevo.000751.log,8.6432,167.965716,-18.104723,21.74
tamtam_nuevo.000752.log,8.229,168.300323,-18.117105,32.34
tamtam_nuevo.000753.log,8.4497,167.862942,-18.025236,16.43
tamtam_nuevo.000754.log,8.415,168.203765,-18.107591,26.75
tamtam_nuevo.000755.log,8.2473,168.221637,-17.996158,30.31
tamtam_nuevo.000756.log,8.3135,168.409602,-17.804035,49.74
tamtam_nuevo.000757.log,8.2282,167.997559,-17.817879,24.61
tamtam_nuevo.000758.log,8.2397,168.25258,-18.074051,34.16
tamtam_nuevo.000759.log,8.3669,167.848781,-18.091989,14.86
tamtam_nuevo.000760.log,8.5427,168.100975,-18.049321,28.09
tamtam_nuevo.000761.log,8.3948,168.154158,-18.163951,27.49
tamtam_nuevo.000762.log,8.5036,167.729719,-18.047592,11.95
tamtam_nuevo.000763.log,8.1895,168.026019,-18.050283,22.95
tamtam_nuevo.000764.log,8.4858,168.345789,-18.156423,35.2
tamtam_nuevo.000765.log,8.4566,168.317529,-17.765059,42.69
tamtam_nuevo.000766.log,8.2964,168.121466,-18.114123,25.17
tamtam_nuevo.000767.log,8.5453,168.007204,-17.984326,20.65
tamtam_nuevo.000768.log,8.5479,168.072451,-18.017149,25.36
tamtam_nuevo.000769.log,8.4739,167.955248,-18.014887,19.59
tamtam_nuevo.000770.log,8.4246,168.235822,-18.103213,30.24
tamtam_nuevo.000771.log,8.2638,168.003994,-18.014005,23.22
tamtam_nuevo.000772.log,8.182,168.313191,-17.893861,39.57
tamtam_nuevo.000773.log,8.6276,168.232518,-17.832167,36.24
tamtam_nuevo.000774.log,8.4446,167.993487,-18.037655,18.4
tamtam_nuevo.000775.log,8.3227,168.313296,-17.923091,39.47
tamtam_nuevo.000776.log,8.4638,168.269863,-17.899945,36.44
tamtam_nuevo.000777.log,8.4987,167.697077,-18.093031,9.88
tamtam_nuevo.000778.log,8.4302,168.212337,-18.116964,28.0
tamtam_nuevo.000779.log,8.6099,168.117862,-18.126538,26.46
tamtam_nuevo.000780.log,8.3623,168.186557,-18.297532,28.17
tamtam_nuevo.000781.log,8.5352,168.333819,-18.220816,32.34
tamtam_nuevo.000782.log,8.3494,168.166546,-18.199103,27.16
tamtam_nuevo.000783.log,8.446,168.084619,-18.01383,28.17
tamtam_nuevo.000784.log,8.5534,168.188616,-17.889257,32.72
tamtam_nuevo.000785.log,8.4955,168.069741,-18.11831,25.92
tamtam_nuevo.000786.log,8.372,168.380158,-18.322845,34.41
tamtam_nuevo.000787.log,8.6657,168.321751,-18.13945,35.12
tamtam_nuevo.000788.log,8.431,168.06681,-18.194506,22.13
tamtam_nuevo.000789.log,8.4124,168.231921,-17.986052,32.85
tamtam_nuevo.000790.log,8.669,168.123908,-18.101718,27.42
tamtam_nuevo.000791.log,8.4049,168.341028,-18.258912,33.04
tamtam_nuevo.000792.log,8.3794,168.404429,-18.064765,42.31
tamtam_nuevo.000793.log,8.7766,167.811662,-18.096602,13.46
tamtam_nuevo.000794.log,8.3457,168.158793,-18.070976,26.68
tamtam_nuevo.000795.log,8.5715,168.049732,-18.096516,20.76
tamtam_nuevo.000796.log,8.4996,168.136529,-17.923673,30.14
tamtam_nuevo.000797.log,8.2455,167.89221,-18.043192,16.63
tamtam_nuevo.000798.log,8.3355,167.935774,-18.052899,17.33
tamtam_nuevo.000799.log,8.4595,168.237227,-17.994009,34.03
tamtam_nuevo.000800.log,8.378,168.483085,-18.194888,41.66
tamtam_nuevo.000801.log,8.5543,168.046886,-18.005849,24.9
tamtam_nuevo.000802.log,8.7207,168.402324,-18.148907,39.35
tamtam_nuevo.000803.log,8.5828,168.428321,-18.103076,44.94
tamtam_nuevo.000804.log,8.3477,168.018452,-18.061608,19.53
tamtam_nuevo.000805.log,8.3806,168.077747,-18.094853,23.19
tamtam_nuevo.000806.log,8.5038,167.951766,-18.071774,18.7
tamtam_nuevo.000807.log,8.3772,168.146518,-18.055913,26.59
tamtam_nuevo.000808.log,8.331,168.235623,-18.026882,33.35
tamtam_nuevo.000809.log,8.7272,168.174775,-17.961549,30.42
tamtam_nuevo.000810.log,8.7371,168.322451,-18.048287,36.87
tamtam_nuevo.000811.log,8.6665,168.3388,-18.05068,36.23
tamtam_nuevo.000812.log,8.4189,168.070467,-17.896948,28.83
tamtam_nuevo.000813.log,8.5081,168.340525,-17.91294,41.58
tamtam_nuevo.000814.log,8.6724,168.127489,-18.144363,27.23
tamtam_nuevo.000815.log,8.716,168.310409,-18.217419,30.98
tamtam_nuevo.000816.log,8.4683,168.115687,-18.186289,27.75
tamtam_nuevo.000817.log,8.2893,168.367545,-17.955856,45.54
tamtam_nuevo.000818.log,8.4037,168.143297,-18.120802,25.71
tamtam_nuevo.000819.log,8.7529,168.199783,-18.256123,24.55
tamtam_nuevo.000820.log,8.5288,168.438746,-18.459388,32.76
tamtam_nuevo.000821.log,8.6105,168.016131,-18.09551,21.13
tamtam_nuevo.000822.log,8.6765,167.974958,-17.999542,18.93
tamtam_nuevo.000823.log,8.6528,167.922451,-17.934921,20.77
tamtam_nuevo.000824.log,8.6502,168.217065,-18.120999,32.56
tamtam_nuevo.000825.log,8.5343,168.401712,-18.189548,36.97
tamtam_nuevo.000826.log,8.2567,168.229849,-18.266589,27.7
tamtam_nuevo.000827.log,8.7262,168.370087,-18.18199,36.92
tamtam_nuevo.000828.log,8.3588,168.071951,-18.049869,26.48
tamtam_nuevo.000829.log,8.5768,168.376167,-18.333633,32.99
tamtam_nuevo.000830.log,8.601,168.248103,-18.042687,34.19
tamtam_nuevo.000831.log,8.5528,168.038507,-18.163676,18.97
tamtam_nuevo.000832.log,8.8026,168.289618,-17.906452,38.86
tamtam_nuevo.000833.log,8.4851,168.121095,-18.099756,27.7
tamtam_nuevo.000834.log,8.6877,168.097098,-18.096682,25.74
tamtam_nuevo.000835.log,8.3368,168.067052,-18.087714,25.92
tamtam_nuevo.000836.log,8.5946,168.293633,-18.18852,36.47
tamtam_nuevo.000837.log,8.5,168.172717,-18.028263,30.45
tamtam_nuevo.000838.log,8.4984,168.211154,-18.134305,28.18
tamtam_nuevo.000839.log,8.3544,168.016325,-18.309412,17.41
tamtam_nuevo.000840.log,8.7807,168.106585,-17.987521,26.74
tamtam_nuevo.000841.log,8.4434,168.143657,-17.955415,32.65
tamtam_nuevo.000842.log,8.6553,168.10627,-17.974763,29.13
tamtam_nuevo.000843.log,8.5246,168.251409,-17.974997,35.3
tamtam_nuevo.000844.log,8.7936,167.920307,-18.050327,18.82
tamtam_nuevo.000845.log,8.4132,168.204669,-18.076502,31.19
tamtam_nuevo.000846.log,8.6437,168.202905,-18.035161,30.98
tamtam_nuevo.000847.log,8.6925,168.146611,-18.202475,25.78
tamtam_nuevo.000848.log,8.5717,168.248808,-17.891452,38.46
tamtam_nuevo.000849.log,8.554,168.162771,-18.153585,28.54
tamtam_nuevo.000850.log,8.3723,167.944908,-18.242094,17.3
tamtam_nuevo.000851.log,8.9435,168.179512,-18.214782,25.03
tamtam_nuevo.000852.log,8.5826,168.33563,-17.840617,44.41
tamtam_nuevo.000853.log,8.5128,168.257293,-18.138951,29.24
tamtam_nuevo.000854.log,8.417,168.286737,-18.079082,35.85
tamtam_nuevo.000855.log,8.388,168.041601,-17.989841,25.25
tamtam_nuevo.000856.log,8.6945,168.126938,-18.121696,24.69
tamtam_nuevo.000857.log,8.903,168.115889,-18.010992,25.31
tamtam_nuevo.000858.log,8.7033,168.174685,-18.068896,30.42
tamtam_nuevo.000859.log,8.6242,168.192188,-18.084034,27.52
tamtam_nuevo.000860.log,8.63,168.143279,-17.928341,32.38
tamtam_nuevo.000861.log,8.4564,167.999161,-18.137608,19.71
tamtam_nuevo.000862.log,8.4886,168.343674,-18.152854,32.54
tamtam_nuevo.000863.log,8.5463,168.369873,-18.280056,33.44
tamtam_nuevo.000864.log,8.8455,168.142616,-18.035569,29.04
tamtam_nuevo.000865.log,8.5147,167.957604,-18.069597,18.25
tamtam_nuevo.000866.log,8.6268,168.267536,-18.01444,33.49
tamtam_nuevo.000867.log,8.46,168.087046,-18.116602,26.63
tamtam_nuevo.000868.log,8.6982,168.075387,-18.039512,24.93
tamtam_nuevo.000869.log,8.6031,168.196389,-18.204721,25.66
tamtam_nuevo.000870.log,8.7081,168.233868,-18.133943,28.9
tamtam_nuevo.000871.log,8.6546,168.052272,-18.140796,22.9
tamtam_nuevo.000872.log,8.8533,168.33076,-18.225551,34.25
tamtam_nuevo.000873.log,8.3844,168.241467,-18.312296,28.28
tamtam_nuevo.000874.log,8.5158,168.163166,-17.949268,31.88
tamtam_nuevo.000875.log,8.4912,168.200589,-18.214442,29.08
tamtam_nuevo.000876.log,8.614,168.324515,-18.054821,39.45
tamtam_nuevo.000877.log,8.7883,168.134632,-17.915616,30.27
tamtam_nuevo.000878.log,8.8821,168.11733,-18.031496,24.23
tamtam_nuevo.000879.log,8.11,168.293785,-18.234651,32.01
tamtam_nuevo.000880.log,8.5091,168.283731,-18.104209,35.02
tamtam_nuevo.000881.log,8.501,168.302718,-18.160474,32.82
tamtam_nuevo.000882.log,8.8208,168.16413,-18.097083,27.12
tamtam_nuevo.000883.log,8.5863,168.243475,-17.935189,36.61
tamtam_nuevo.000884.log,8.7527,168.141809,-18.130682,27.2
tamtam_nuevo.000885.log,8.8063,168.133744,-18.012572,29.43
tamtam_nuevo.000886.log,8.6873,168.376632,-18.208613,35.61
tamtam_nuevo.000887.log,8.9753,168.106258,-18.066098,24.61
tamtam_nuevo.000888.log,8.7345,167.978543,-18.018118,20.14
tamtam_nuevo.000889.log,8.6264,168.261317,-17.984293,32.9
tamtam_nuevo.000890.log,8.6227,168.29559,-17.829242,40.86
tamtam_nuevo.000891.log,8.7961,168.105232,-18.200144,25.19
tamtam_nuevo.000892.log,8.601,168.187937,-17.947405,35.21
tamtam_nuevo.000893.log,8.5984,168.109139,-18.130417,26.73
tamtam_nuevo.000894.log,8.6902,168.107604,-17.960276,29.06
tamtam_nuevo.000895.log,8.4301,167.976429,-18.061836,21.57
tamtam_nuevo.000896.log,8.4952,168.467743,-18.225068,39.64
tamtam_nuevo.000897.log,9.0699,168.30257,-17.849191,43.05
tamtam_nuevo.000898.log,8.7702,168.115475,-17.946866,25.73
tamtam_nuevo.000899.log,8.4853,168.13201,-17.998548,29.37
tamtam_nuevo.000900.log,8.7293,168.100458,-17.873394,30.02
tamtam_nuevo.000901.log,8.6038,168.347266,-18.209127,33.34
tamtam_nuevo.000902.log,8.5047,168.205124,-17.99734,30.36
tamtam_nuevo.000903.log,8.7074,168.025146,-18.112897,23.52
tamtam_nuevo.000904.log,8.6987,168.021924,-18.078054,23.1
tamtam_nuevo.000905.log,8.8574,168.161378,-18.132032,27.11
tamtam_nuevo.000906.log,8.4156,168.178047,-18.223601,24.71
tamtam_nuevo.000907.log,8.7955,168.145247,-17.993968,29.54
tamtam_nuevo.000908.log,8.7744,168.472397,-18.141517,41.38
tamtam_nuevo.000909.log,8.6251,168.094866,-18.071063,25.63
tamtam_nuevo.000910.log,8.9635,168.303222,-17.96576,39.61
tamtam_nuevo.000911.log,8.6461,168.104361,-17.995683,29.42
tamtam_nuevo.000912.log,8.8412,168.182021,-18.096854,28.89
tamtam_nuevo.000913.log,8.7802,168.024152,-18.06208,19.18
tamtam_nuevo.000914.log,8.6571,168.277894,-18.105485,32.45
tamtam_nuevo.000915.log,8.7125,168.284404,-18.102552,38.19
tamtam_nuevo.000916.log,8.7086,168.153266,-18.140654,27.45
tamtam_nuevo.000917.log,8.2978,168.420291,-18.332982,35.46
tamtam_nuevo.000918.log,8.6651,168.145251,-18.071364,28.69
tamtam_nuevo.000919.log,8.5625,168.273926,-18.18414,30.95
tamtam_nuevo.000920.log,8.6423,167.8433,-18.131494,14.35
tamtam_nuevo.000921.log,8.9813,168.047717,-18.192516,21.52
tamtam_nuevo.000922.log,8.7769,168.119571,-18.150162,27.94
tamtam_nuevo.000923.log,8.8078,168.197841,-18.056696,31.15
tamtam_nuevo.000924.log,8.6307,168.251664,-18.042486,35.51
tamtam_nuevo.000925.log,8.8719,168.196658,-18.044684,32.94
tamtam_nuevo.000926.log,8.5436,168.207447,-18.091395,32.17
tamtam_nuevo.000927.log,8.5177,168.247515,-18.068923,33.48
tamtam_nuevo.000928.log,8.621,168.338774,-17.953397,42.91
tamtam_nuevo.000929.log,8.8207,168.03224,-18.189639,21.09
tamtam_nuevo.000930.log,9.0285,168.462236,-18.247473,44.51
tamtam_nuevo.000931.log,8.6813,167.932452,-17.970849,20.15
tamtam_nuevo.000932.log,8.8364,168.152174,-18.102817,29.25
tamtam_nuevo.000933.log,8.7659,167.862129,-17.863458,17.55
tamtam_nuevo.000934.log,8.5978,168.282992,-18.271487,30.76
tamtam_nuevo.000935.log,8.7656,168.072717,-17.985701,25.06
tamtam_nuevo.000936.log,8.7404,168.30101,-18.109381,35.32
tamtam_nuevo.000937.log,8.6471,168.009152,-18.139981,19.87
tamtam_nuevo.000938.log,9.0029,168.046556,-18.029323,25.27
tamtam_nuevo.000939.log,8.8215,168.020755,-18.009856,22.88
tamtam_nuevo.000940.log,9.1031,168.191293,-17.90589,34.59
tamtam_nuevo.000941.log,8.8382,168.202344,-17.985119,34.54
tamtam_nuevo.000942.log,8.8691,168.041627,-18.066634,21.16
tamtam_nuevo.000943.log,8.6568,168.09558,-18.142553,24.48
tamtam_nuevo.000944.log,8.8422,168.135711,-18.020828,29.38
tamtam_nuevo.000945.log,8.7444,168.080747,-17.974229,27.93
tamtam_nuevo.000946.log,8.3705,168.148054,-18.011354,29.16
tamtam_nuevo.000947.log,8.6087,168.053707,-18.056121,25.74
tamtam_nuevo.000948.log,8.7098,168.151582,-18.077264,28.18
tamtam_nuevo.000949.log,8.9357,168.178213,-18.126776,28.07
tamtam_nuevo.000950.log,8.7021,168.037324,-18.040395,26.96
tamtam_nuevo.000951.log,8.5685,168.203502,-18.047482,32.95
tamtam_nuevo.000952.log,9.0077,168.363312,-18.306547,32.05
tamtam_nuevo.000953.log,8.812,168.249334,-18.113161,33.61
tamtam_nuevo.000954.log,8.7291,168.278092,-18.042823,37.42
tamtam_nuevo.000955.log,8.8419,167.995284,-17.924938,22.53
tamtam_nuevo.000956.log,8.8111,168.166319,-18.027844,30.32
tamtam_nuevo.000957.log,8.966,168.179559,-18.075228,28.16
tamtam_nuevo.000958.log,8.8192,168.247154,-18.137297,34.3
tamtam_nuevo.000959.log,8.6594,167.94216,-18.025573,21.92
tamtam_nuevo.000960.log,8.997,168.251205,-18.031712,33.21
tamtam_nuevo.000961.log,8.7604,168.054816,-18.191216,20.7
tamtam_nuevo.000962.log,8.9039,168.088031,-18.109157,24.46
tamtam_nuevo.000963.log,8.5096,167.950121,-18.047336,20.26
tamtam_nuevo.000964.log,8.7301,168.211172,-18.121032,30.25
tamtam_nuevo.000965.log,8.8455,168.177418,-18.259296,25.64
tamtam_nuevo.000966.log,8.8224,168.121939,-17.973608,29.97
tamtam_nuevo.000967.log,8.5892,168.027126,-18.056169,23.3
tamtam_nuevo.000968.log,8.747,168.05084,-18.011003,26.19
tamtam_nuevo.000969.log,8.6555,168.061149,-18.103097,24.48
tamtam_nuevo.000970.log,8.958,168.129532,-18.115335,26.92
tamtam_nuevo.000971.log,8.8356,168.421347,-17.964165,43.28
tamtam_nuevo.000972.log,8.757,168.042497,-17.89311,26.6
tamtam_nuevo.000973.log,8.9804,168.134729,-17.940567,32.9
tamtam_nuevo.000974.log,8.9452,167.99982,-18.009596,23.9
tamtam_nuevo.000975.log,9.0123,168.064082,-18.152118,25.54
tamtam_nuevo.000976.log,9.0106,168.272441,-18.155658,32.98
tamtam_nuevo.000977.log,8.992,168.120997,-17.806717,32.97
tamtam_nuevo.000978.log,9.062,168.01635,-18.004153,22.52
tamtam_nuevo.000979.log,8.9931,168.138994,-18.130319,27.32
tamtam_nuevo.000980.log,8.8539,168.050162,-18.038048,23.34
tamtam_nuevo.000981.log,8.7469,168.252669,-17.971026,34.54
tamtam_nuevo.000982.log,8.856,168.09486,-17.960343,26.52
tamtam_nuevo.000983.log,8.7016,168.013061,-18.028055,24.26
tamtam_nuevo.000984.log,8.8375,168.03653,-18.042046,26.11
tamtam_nuevo.000985.log,8.8521,168.082958,-18.130408,25.73
tamtam_nuevo.000986.log,8.6779,168.047966,-18.12626,22.22
tamtam_nuevo.000987.log,8.9654,168.106222,-18.004016,28.77
tamtam_nuevo.000988.log,8.8331,168.067323,-18.08412,25.09
tamtam_nuevo.000989.log,9.0058,168.20438,-18.023145,30.21
tamtam_nuevo.000990.log,8.5862,168.071451,-17.998027,26.31
tamtam_nuevo.000991.log,8.7518,168.408567,-18.112295,39.29
tamtam_nuevo.000992.log,8.732,168.14564,-18.190275,25.5
tamtam_nuevo.000993.log,8.9566,168.040173,-18.021784,27.42
tamtam_nuevo.000994.log,8.8552,168.001592,-17.966853,20.82
tamtam_nuevo.000995.log,8.9261,168.042404,-18.011834,25.0
tamtam_nuevo.000996.log,8.797,168.064804,-18.023572,25.41
tamtam_nuevo.000997.log,8.9726,168.015584,-18.22498,21.02
tamtam_nuevo.000998.log,8.9084,168.179539,-17.908108,35.86
tamtam_nuevo.000999.log,8.7907,168.1546,-17.961632,31.22
