1.245179000000000000e+06 1.672469989999999882e+02 -1.655142199999999875e+01 8.057904000000000622e+00
1.248472000000000000e+06 1.678451259999999934e+02 -1.757208800000000082e+01 8.562328000000000827e+00
1.274294000000000000e+06 1.677401279999999986e+02 -1.837986099999999823e+01 7.291260000000000296e+00
1.249472000000000000e+06 1.686457969999999875e+02 -2.021259099999999975e+01 7.153838999999999615e+00
1.347717000000000000e+06 1.670580989999999986e+02 -1.674041000000000068e+01 7.326675999999999966e+00
1.211001000000000000e+06 1.678956310000000087e+02 -1.794608099999999951e+01 8.169774000000000314e+00
1.353422000000000000e+06 1.692997959999999864e+02 -2.120994900000000172e+01 7.723149000000000264e+00
1.288107000000000000e+06 1.680626839999999902e+02 -1.860775599999999841e+01 8.164742999999999640e+00
1.275501000000000000e+06 1.660662299999999902e+02 -1.235650900000000085e+01 7.288186999999999749e+00
1.274544000000000000e+06 1.666463880000000017e+02 -1.572982000000000014e+01 7.019668000000000241e+00
1.295042000000000000e+06 1.699126599999999883e+02 -2.206961199999999934e+01 7.445217000000000418e+00
1.220599000000000000e+06 1.667350610000000017e+02 -1.543562400000000068e+01 7.865762000000000143e+00
1.239733000000000000e+06 1.671976699999999880e+02 -1.549119699999999966e+01 7.363151000000000224e+00
1.234280000000000000e+06 1.670171510000000126e+02 -1.655925099999999972e+01 7.651271000000000377e+00
1.218135000000000000e+06 1.691251049999999907e+02 -2.096272799999999847e+01 7.576343999999999745e+00
1.244749000000000000e+06 1.674948899999999981e+02 -1.754209600000000080e+01 7.442401000000000266e+00
1.235651000000000000e+06 1.693568459999999902e+02 -2.116749000000000080e+01 8.025028000000000716e+00
1.289473000000000000e+06 1.660411149999999907e+02 -1.214733000000000018e+01 7.402908000000000044e+00
1.239477000000000000e+06 1.671615979999999979e+02 -1.680532600000000087e+01 7.647533000000000136e+00
1.206226000000000000e+06 1.696797029999999893e+02 -2.144096800000000158e+01 8.113507999999999498e+00
1.256114000000000000e+06 1.661955629999999928e+02 -1.312767900000000054e+01 7.286392000000000202e+00
1.444626000000000000e+06 1.688736710000000016e+02 -2.021309499999999915e+01 8.475906000000000162e+00
1.314572000000000000e+06 1.687155150000000106e+02 -2.007895699999999906e+01 8.071089000000000624e+00
1.238367000000000000e+06 1.698629819999999881e+02 -2.202847099999999969e+01 7.211152000000000228e+00
1.261450000000000000e+06 1.677522710000000075e+02 -1.810164599999999879e+01 7.545672999999999853e+00
1.265273000000000000e+06 1.689252349999999865e+02 -2.070706300000000155e+01 7.571162000000000170e+00
1.210164000000000000e+06 1.711654190000000142e+02 -2.276248500000000163e+01 7.317707999999999657e+00
1.220973000000000000e+06 1.698078460000000121e+02 -2.190108299999999986e+01 7.612784000000000439e+00
1.338849000000000000e+06 1.679596280000000093e+02 -1.871973399999999899e+01 7.731023000000000422e+00
1.206717000000000000e+06 1.680876539999999864e+02 -1.925941399999999959e+01 7.151169999999999582e+00
1.312553000000000000e+06 1.706216420000000085e+02 -2.221338899999999938e+01 8.431167000000000300e+00
1.220893000000000000e+06 1.668934950000000015e+02 -1.494955000000000034e+01 7.060743000000000436e+00
1.209503000000000000e+06 1.673936469999999872e+02 -1.662577599999999833e+01 8.500709000000000515e+00
1.219738000000000000e+06 1.684973380000000134e+02 -2.004668300000000158e+01 7.068177000000000376e+00
1.216594000000000000e+06 1.691621360000000038e+02 -2.057112100000000154e+01 8.515157999999999561e+00
1.242085000000000000e+06 1.660867250000000013e+02 -1.196130299999999913e+01 8.155957000000000789e+00
1.240722000000000000e+06 1.693887469999999951e+02 -2.142991900000000172e+01 7.227160999999999724e+00
1.330573000000000000e+06 1.712300239999999860e+02 -2.244336399999999898e+01 8.236846999999999142e+00
1.221957000000000000e+06 1.693746940000000052e+02 -2.146335099999999940e+01 7.294249999999999901e+00
1.290110000000000000e+06 1.662796519999999987e+02 -1.242316499999999913e+01 8.274558999999999997e+00
1.284922000000000000e+06 1.669449789999999894e+02 -1.463457299999999961e+01 7.248456000000000010e+00
1.245038000000000000e+06 1.666127150000000086e+02 -1.521102100000000057e+01 7.563240999999999659e+00
1.224436000000000000e+06 1.662857529999999997e+02 -1.261765199999999965e+01 7.815928999999999682e+00
1.224473000000000000e+06 1.683195330000000070e+02 -1.927674499999999824e+01 7.831290000000000084e+00
1.317599000000000000e+06 1.677326820000000112e+02 -1.729544900000000140e+01 8.466286999999999452e+00
1.240975000000000000e+06 1.684689579999999864e+02 -1.987653399999999948e+01 7.658425000000000260e+00
1.347512000000000000e+06 1.678244760000000042e+02 -1.816083799999999826e+01 7.946120999999999768e+00
1.253713000000000000e+06 1.705547640000000058e+02 -2.248916200000000032e+01 7.566336999999999868e+00
1.252123000000000000e+06 1.674978820000000042e+02 -1.773866800000000055e+01 7.238598999999999783e+00
1.302360000000000000e+06 1.707278740000000141e+02 -2.264176499999999947e+01 7.304738000000000397e+00
1.310545000000000000e+06 1.703262379999999894e+02 -2.218690199999999990e+01 8.065701999999999927e+00
1.215252000000000000e+06 1.669715180000000032e+02 -1.664121700000000104e+01 7.063706999999999958e+00
1.208527000000000000e+06 1.662656580000000019e+02 -1.301957200000000014e+01 7.587271000000000321e+00
1.252267000000000000e+06 1.700407060000000001e+02 -2.219551600000000136e+01 7.300417000000000378e+00
1.219420000000000000e+06 1.660763259999999946e+02 -1.234092700000000065e+01 7.543582999999999927e+00
1.220071000000000000e+06 1.670292670000000044e+02 -1.513543400000000005e+01 7.207791000000000281e+00
1.238127000000000000e+06 1.685905640000000005e+02 -2.018423299999999898e+01 7.108431000000000388e+00
1.553178000000000000e+06 1.701530909999999892e+02 -2.195546399999999920e+01 8.030393000000000114e+00
1.314476000000000000e+06 1.662050580000000082e+02 -1.275602199999999975e+01 7.611477999999999966e+00
1.339312000000000000e+06 1.688032469999999989e+02 -2.002698200000000028e+01 8.469810999999999979e+00
1.329719000000000000e+06 1.661870700000000056e+02 -1.242139399999999938e+01 7.974928000000000239e+00
1.370397000000000000e+06 1.684485679999999945e+02 -1.934092199999999906e+01 8.403480999999999312e+00
1.247874000000000000e+06 1.660205510000000118e+02 -1.215602400000000038e+01 7.335956000000000365e+00
1.204248000000000000e+06 1.699317210000000102e+02 -2.197516699999999901e+01 7.675950000000000273e+00
1.397224000000000000e+06 1.707961090000000013e+02 -2.231851599999999891e+01 8.212407000000000679e+00
1.211363000000000000e+06 1.691461229999999887e+02 -2.114525899999999936e+01 7.027593999999999674e+00
1.346358000000000000e+06 1.662070139999999867e+02 -1.225901700000000005e+01 8.144420000000000215e+00
1.466912000000000000e+06 1.710346749999999929e+02 -2.237601599999999991e+01 8.475785000000000124e+00
1.283516000000000000e+06 1.700715209999999900e+02 -2.205243300000000062e+01 7.578058000000000405e+00
1.242820000000000000e+06 1.691433649999999886e+02 -2.100897600000000054e+01 7.700116999999999656e+00
1.211821000000000000e+06 1.685301910000000021e+02 -2.002120400000000089e+01 7.603172999999999959e+00
1.431437000000000000e+06 1.702584280000000092e+02 -2.229031200000000013e+01 7.738356999999999708e+00
1.233860000000000000e+06 1.682253670000000056e+02 -1.942122099999999918e+01 7.629737000000000435e+00
1.490750000000000000e+06 1.687808170000000132e+02 -2.000762999999999892e+01 8.295844999999999914e+00
1.215034000000000000e+06 1.688326810000000080e+02 -2.069187600000000060e+01 7.060728000000000115e+00
1.205567000000000000e+06 1.689115060000000028e+02 -2.033374999999999844e+01 8.323658999999999253e+00
1.206285000000000000e+06 1.704383780000000002e+02 -2.247663199999999861e+01 7.267528000000000432e+00
1.280813000000000000e+06 1.676323950000000025e+02 -1.802339299999999866e+01 7.035444000000000031e+00
1.366742000000000000e+06 1.696642840000000092e+02 -2.136845399999999984e+01 8.396070999999999174e+00
1.206510000000000000e+06 1.688306379999999933e+02 -2.061468899999999849e+01 7.384403999999999968e+00
1.240977000000000000e+06 1.681092339999999865e+02 -1.915600999999999843e+01 7.340145999999999837e+00
1.405709000000000000e+06 1.663956619999999873e+02 -1.282968699999999984e+01 8.488206999999999169e+00
1.267960000000000000e+06 1.692961970000000065e+02 -2.082311599999999885e+01 8.484977999999999909e+00
1.327676000000000000e+06 1.701578130000000044e+02 -2.184414500000000103e+01 8.366533999999999693e+00
1.234924000000000000e+06 1.677617229999999893e+02 -1.846070999999999884e+01 7.184931999999999874e+00
1.240270000000000000e+06 1.679228410000000054e+02 -1.786495700000000042e+01 8.494376000000000815e+00
1.348029000000000000e+06 1.663906379999999956e+02 -1.357313500000000062e+01 7.799765999999999977e+00
1.238040000000000000e+06 1.691302699999999959e+02 -2.102640099999999990e+01 7.666119000000000128e+00
1.238728000000000000e+06 1.688031770000000051e+02 -2.034731299999999976e+01 7.839682999999999957e+00
1.221116000000000000e+06 1.689370230000000106e+02 -2.085415499999999867e+01 7.089731999999999701e+00
1.223260000000000000e+06 1.681077019999999891e+02 -1.924969199999999958e+01 7.388198000000000043e+00
1.290112000000000000e+06 1.663864670000000103e+02 -1.184228500000000039e+01 7.200357999999999592e+00
1.309710000000000000e+06 1.699144070000000113e+02 -2.199229100000000159e+01 7.624624999999999986e+00
1.250950000000000000e+06 1.719366650000000050e+02 -2.284482500000000016e+01 7.672352000000000061e+00
1.288631000000000000e+06 1.684350990000000081e+02 -1.976208499999999901e+01 7.632101999999999720e+00
1.402429000000000000e+06 1.679098720000000071e+02 -1.867120099999999994e+01 7.820306999999999675e+00
1.255359000000000000e+06 1.666394410000000050e+02 -1.557639799999999930e+01 7.392126000000000197e+00
1.300014000000000000e+06 1.692516339999999957e+02 -2.087758499999999984e+01 8.380881999999999721e+00
1.300051000000000000e+06 1.667314690000000041e+02 -1.424764599999999959e+01 8.557691999999999410e+00
1.261716000000000000e+06 1.703193970000000093e+02 -2.225049500000000080e+01 7.886166000000000231e+00
1.218526000000000000e+06 1.676418160000000057e+02 -1.652530900000000003e+01 7.231535000000000046e+00
1.302632000000000000e+06 1.695730529999999874e+02 -2.171072300000000155e+01 7.134802999999999784e+00
1.308528000000000000e+06 1.690323889999999949e+02 -2.089227800000000101e+01 7.462734000000000201e+00
1.258918000000000000e+06 1.671464560000000006e+02 -1.689453699999999969e+01 7.097876000000000296e+00
1.204727000000000000e+06 1.653988830000000121e+02 -1.097473600000000005e+01 7.005721000000000309e+00
1.373536000000000000e+06 1.660186249999999859e+02 -1.181017699999999948e+01 8.315680000000000405e+00
1.262957000000000000e+06 1.660402860000000089e+02 -1.226096800000000009e+01 7.191252999999999673e+00
1.229793000000000000e+06 1.660823190000000125e+02 -1.244865899999999925e+01 7.037938999999999723e+00
1.250931000000000000e+06 1.699673300000000040e+02 -2.209418399999999849e+01 7.083249000000000350e+00
1.208294000000000000e+06 1.678313369999999907e+02 -1.741574400000000011e+01 7.127787999999999791e+00
1.225121000000000000e+06 1.687093610000000012e+02 -2.026281799999999933e+01 7.784672999999999732e+00
1.255729000000000000e+06 1.696266369999999881e+02 -2.178267100000000056e+01 7.070354000000000028e+00
1.254041000000000000e+06 1.697669080000000008e+02 -2.175530600000000092e+01 7.904796000000000156e+00
1.391266000000000000e+06 1.700100129999999865e+02 -2.191199699999999950e+01 8.133675000000000210e+00
1.227603000000000000e+06 1.683950309999999888e+02 -1.965819199999999967e+01 7.636656000000000333e+00
1.387225000000000000e+06 1.676648769999999899e+02 -1.730666300000000035e+01 8.630483999999999156e+00
1.293709000000000000e+06 1.700455650000000105e+02 -2.202621500000000054e+01 7.707442999999999600e+00
1.204831000000000000e+06 1.695780670000000043e+02 -2.145071000000000083e+01 7.998783000000000420e+00
1.278461000000000000e+06 1.661225080000000105e+02 -1.215305200000000063e+01 8.033096999999999710e+00
1.216286000000000000e+06 1.668304259999999886e+02 -1.624701900000000165e+01 7.386212000000000444e+00
1.221523000000000000e+06 1.661040859999999952e+02 -1.278719800000000006e+01 7.130633000000000443e+00
1.352679000000000000e+06 1.684497560000000078e+02 -1.949731900000000095e+01 8.122006000000000725e+00
1.551877000000000000e+06 1.671555480000000102e+02 -1.630825000000000102e+01 8.154913000000000523e+00
1.206118000000000000e+06 1.700778569999999945e+02 -2.223876599999999826e+01 7.215503000000000000e+00
1.233493000000000000e+06 1.660554569999999899e+02 -1.205665899999999979e+01 7.756958000000000020e+00
1.220622000000000000e+06 1.671497380000000135e+02 -1.505951999999999913e+01 7.096911000000000413e+00
1.248065000000000000e+06 1.653554190000000119e+02 -1.090783399999999936e+01 7.605434999999999945e+00
1.270018000000000000e+06 1.694525360000000092e+02 -2.148034900000000036e+01 7.476634999999999920e+00
1.223019000000000000e+06 1.707511719999999968e+02 -2.270189799999999991e+01 7.021899999999999586e+00
1.215235000000000000e+06 1.703091279999999870e+02 -2.237938099999999864e+01 7.383613000000000426e+00
1.307439000000000000e+06 1.686960489999999879e+02 -2.019493200000000144e+01 7.536147999999999847e+00
1.224080000000000000e+06 1.671354420000000118e+02 -1.670389099999999871e+01 7.762036000000000158e+00
1.214091000000000000e+06 1.685500250000000051e+02 -2.001419900000000140e+01 7.308597999999999928e+00
1.273172000000000000e+06 1.677957600000000014e+02 -1.829965199999999825e+01 7.757723000000000368e+00
1.336802000000000000e+06 1.670546500000000094e+02 -1.638446300000000022e+01 7.893601999999999563e+00
1.326512000000000000e+06 1.666819329999999866e+02 -1.424919399999999925e+01 7.931078000000000294e+00
1.230420000000000000e+06 1.665542900000000088e+02 -1.346114599999999939e+01 8.365271999999999153e+00
1.255120000000000000e+06 1.660490509999999915e+02 -1.226542199999999916e+01 7.337485000000000035e+00
1.289021000000000000e+06 1.691198019999999929e+02 -2.077948200000000156e+01 8.015784000000000020e+00
1.378770000000000000e+06 1.661365250000000060e+02 -1.140711199999999970e+01 7.378601999999999883e+00
1.360948000000000000e+06 1.691986180000000104e+02 -2.078731200000000001e+01 8.330114999999999270e+00
1.246481000000000000e+06 1.678488020000000063e+02 -1.806484000000000023e+01 8.281050000000000466e+00
1.204502000000000000e+06 1.683177469999999971e+02 -1.943975100000000111e+01 7.985383999999999816e+00
1.272662000000000000e+06 1.662390599999999949e+02 -1.204470700000000072e+01 8.201171000000000433e+00
1.633849000000000000e+06 1.683183929999999862e+02 -1.889602400000000060e+01 8.464591999999999672e+00
1.232805000000000000e+06 1.661122080000000096e+02 -1.253430099999999925e+01 7.393254999999999910e+00
1.344156000000000000e+06 1.661096489999999903e+02 -1.196558300000000052e+01 8.302718000000000487e+00
1.213640000000000000e+06 1.652145629999999983e+02 -1.082468800000000009e+01 7.190438999999999581e+00
1.265520000000000000e+06 1.679535239999999874e+02 -1.895107600000000048e+01 7.093684999999999796e+00
1.218935000000000000e+06 1.696242699999999957e+02 -2.131547099999999872e+01 8.438045999999999935e+00
1.222651000000000000e+06 1.678558549999999912e+02 -1.880893199999999865e+01 7.021405999999999814e+00
1.585728000000000000e+06 1.680118469999999888e+02 -1.812250299999999825e+01 8.255397999999999570e+00
1.318959000000000000e+06 1.670182059999999922e+02 -1.561244100000000046e+01 8.503890999999999423e+00
1.338375000000000000e+06 1.699866169999999954e+02 -2.162475900000000095e+01 8.521948000000000079e+00
1.262993000000000000e+06 1.664074540000000013e+02 -1.363991000000000042e+01 7.441580000000000084e+00
1.363435000000000000e+06 1.665065940000000069e+02 -1.339828999999999937e+01 8.383445999999999287e+00
1.265485000000000000e+06 1.695157680000000084e+02 -2.148826299999999989e+01 7.707405999999999757e+00
1.701795000000000000e+06 1.698432209999999998e+02 -2.165511800000000164e+01 8.207214000000000453e+00
1.324069000000000000e+06 1.678719490000000008e+02 -1.811983899999999892e+01 8.152077000000000240e+00
1.364608000000000000e+06 1.659724879999999985e+02 -1.169588099999999997e+01 8.103363999999999123e+00
1.377538000000000000e+06 1.698303840000000093e+02 -2.198110199999999992e+01 7.434165000000000134e+00
1.815008000000000000e+06 1.684613870000000020e+02 -1.926515399999999900e+01 8.582060000000000244e+00
1.204627000000000000e+06 1.670097159999999974e+02 -1.664557299999999884e+01 7.215385999999999633e+00
1.255515000000000000e+06 1.661757519999999886e+02 -1.288223699999999994e+01 7.262913000000000174e+00
1.303147000000000000e+06 1.697321399999999869e+02 -2.173853000000000080e+01 7.901073000000000235e+00
1.204526000000000000e+06 1.689723480000000109e+02 -2.077702599999999933e+01 7.171273000000000231e+00
1.255280000000000000e+06 1.665419369999999901e+02 -1.471693800000000074e+01 7.295753999999999628e+00
1.302904000000000000e+06 1.660965309999999988e+02 -1.216432000000000002e+01 8.303924000000000305e+00
1.300700000000000000e+06 1.679450980000000015e+02 -1.832473799999999997e+01 8.128083999999999421e+00
1.351477000000000000e+06 1.682649529999999913e+02 -1.882845000000000013e+01 8.174709999999999255e+00
1.292802000000000000e+06 1.673020919999999876e+02 -1.715911099999999934e+01 7.437225999999999893e+00
1.286421000000000000e+06 1.688515850000000000e+02 -2.049359899999999968e+01 7.417062999999999739e+00
1.494356000000000000e+06 1.661061840000000132e+02 -1.202485199999999921e+01 8.511094999999999189e+00
1.422293000000000000e+06 1.679006379999999865e+02 -1.860022400000000076e+01 7.908491999999999855e+00
1.212069000000000000e+06 1.676031930000000045e+02 -1.809799200000000141e+01 7.045270999999999617e+00
1.338441000000000000e+06 1.675764629999999897e+02 -1.737378500000000159e+01 7.975946000000000424e+00
1.252966000000000000e+06 1.676748589999999979e+02 -1.799724300000000099e+01 7.881992000000000331e+00
1.230618000000000000e+06 1.695144699999999887e+02 -2.111447000000000074e+01 8.559787999999999286e+00
1.281275000000000000e+06 1.679208769999999902e+02 -1.869386899999999940e+01 7.708092999999999861e+00
1.383831000000000000e+06 1.690878150000000062e+02 -2.042432300000000112e+01 8.637803999999999149e+00
1.320616000000000000e+06 1.706280889999999886e+02 -2.225975100000000140e+01 8.307480999999999227e+00
1.452376000000000000e+06 1.702505020000000115e+02 -2.205779899999999927e+01 8.167275999999999314e+00
1.404554000000000000e+06 1.697178309999999897e+02 -2.143115099999999984e+01 8.409997000000000611e+00
1.256093000000000000e+06 1.696776189999999929e+02 -2.166930100000000081e+01 7.882715000000000138e+00
1.288005000000000000e+06 1.700411689999999965e+02 -2.217528700000000086e+01 7.313337999999999894e+00
1.207591000000000000e+06 1.679978409999999940e+02 -1.887290799999999891e+01 7.768800999999999846e+00
1.266263000000000000e+06 1.697493800000000022e+02 -2.164931599999999889e+01 7.966880999999999879e+00
1.461621000000000000e+06 1.679662920000000099e+02 -1.801850800000000064e+01 8.627565000000000595e+00
1.292609000000000000e+06 1.717669439999999952e+02 -2.284570199999999929e+01 7.585475999999999885e+00
1.256136000000000000e+06 1.663352480000000071e+02 -1.282158699999999918e+01 7.218541000000000096e+00
1.223120000000000000e+06 1.700783000000000129e+02 -2.222382899999999850e+01 7.347879999999999967e+00
1.270927000000000000e+06 1.672993219999999894e+02 -1.714952200000000104e+01 7.516727999999999632e+00
1.208667000000000000e+06 1.672084059999999965e+02 -1.695348399999999955e+01 7.360782000000000380e+00
1.303748000000000000e+06 1.665338849999999979e+02 -1.417634299999999925e+01 7.764362000000000208e+00
1.288959000000000000e+06 1.665914050000000088e+02 -1.356908899999999996e+01 8.264262999999999693e+00
1.213397000000000000e+06 1.687156009999999924e+02 -2.034534299999999973e+01 7.433355999999999852e+00
1.275658000000000000e+06 1.709319830000000024e+02 -2.253995199999999954e+01 8.019019999999999371e+00
1.218035000000000000e+06 1.685550020000000018e+02 -1.948794399999999882e+01 8.307639999999999247e+00
1.223757000000000000e+06 1.665957589999999868e+02 -1.557574999999999932e+01 7.164411000000000307e+00
1.342335000000000000e+06 1.675905730000000062e+02 -1.754044800000000137e+01 8.014965000000000117e+00
1.248673000000000000e+06 1.662350099999999884e+02 -1.228315100000000015e+01 8.323164000000000229e+00
1.448049000000000000e+06 1.727271430000000123e+02 -2.246624200000000116e+01 8.598330999999999946e+00
1.227368000000000000e+06 1.694478119999999990e+02 -2.134719000000000122e+01 8.044978999999999658e+00
1.218539000000000000e+06 1.693017480000000035e+02 -2.130130399999999824e+01 7.140596000000000387e+00
1.769274000000000000e+06 1.664334880000000112e+02 -1.348141799999999968e+01 8.011093999999999937e+00
1.224023000000000000e+06 1.662606619999999964e+02 -1.330106800000000078e+01 7.279096000000000011e+00
1.282827000000000000e+06 1.705383170000000064e+02 -2.234665700000000044e+01 8.059525999999999968e+00
1.220269000000000000e+06 1.688082540000000051e+02 -1.982424999999999926e+01 7.089716000000000129e+00
1.351200000000000000e+06 1.700864840000000129e+02 -2.215365900000000110e+01 7.529567000000000121e+00
1.255517000000000000e+06 1.662891850000000034e+02 -1.341300799999999960e+01 7.496415999999999968e+00
1.426900000000000000e+06 1.696716649999999902e+02 -2.126791899999999913e+01 8.603718999999999895e+00
1.271046000000000000e+06 1.713515299999999968e+02 -2.277765899999999988e+01 7.565553999999999668e+00
1.256739000000000000e+06 1.663861909999999966e+02 -1.289855200000000046e+01 8.196853000000000833e+00
1.237372000000000000e+06 1.700349610000000098e+02 -2.215168800000000005e+01 7.402960000000000207e+00
1.207326000000000000e+06 1.692642700000000104e+02 -2.101119900000000129e+01 8.060173000000000698e+00
1.369024000000000000e+06 1.692132249999999942e+02 -2.078951100000000096e+01 8.318310000000000315e+00
1.300396000000000000e+06 1.702444590000000062e+02 -2.231263799999999975e+01 7.324506000000000405e+00
1.252672000000000000e+06 1.657321059999999875e+02 -1.108873700000000007e+01 8.326081000000000287e+00
1.265874000000000000e+06 1.661003640000000132e+02 -1.182977900000000027e+01 8.218324000000000851e+00
1.376726000000000000e+06 1.685324139999999886e+02 -1.957722700000000060e+01 8.253216000000000108e+00
1.300891000000000000e+06 1.706538140000000112e+02 -2.223571000000000097e+01 8.318889000000000422e+00
1.317091000000000000e+06 1.660773680000000070e+02 -1.236475000000000080e+01 7.532853000000000243e+00
1.242218000000000000e+06 1.695060139999999933e+02 -2.163635400000000075e+01 7.171280000000000321e+00
1.296872000000000000e+06 1.701494680000000130e+02 -2.205641699999999972e+01 8.108532000000000295e+00
1.320379000000000000e+06 1.693372449999999958e+02 -2.126501000000000019e+01 7.685589000000000226e+00
1.216408000000000000e+06 1.672037180000000092e+02 -1.687527299999999997e+01 7.591922000000000281e+00
1.248596000000000000e+06 1.663218080000000043e+02 -1.346698899999999988e+01 7.538522999999999641e+00
1.447668000000000000e+06 1.690985269999999900e+02 -2.091390300000000124e+01 7.852618999999999794e+00
1.231332000000000000e+06 1.686413540000000069e+02 -2.005711799999999911e+01 7.580072999999999617e+00
1.251011000000000000e+06 1.694885280000000023e+02 -2.160362299999999891e+01 7.258748999999999896e+00
1.228085000000000000e+06 1.704853789999999947e+02 -2.243252999999999986e+01 7.806861999999999746e+00
1.677586000000000000e+06 1.663026189999999929e+02 -1.228632799999999925e+01 8.172999000000000791e+00
1.213889000000000000e+06 1.681544030000000021e+02 -1.925387500000000074e+01 7.710407000000000011e+00
1.287053000000000000e+06 1.661091250000000059e+02 -1.256432299999999991e+01 7.533897999999999762e+00
1.220812000000000000e+06 1.678045040000000085e+02 -1.841285799999999995e+01 7.692065999999999626e+00
1.257075000000000000e+06 1.699702120000000036e+02 -2.174355600000000166e+01 7.188791000000000153e+00
1.257873000000000000e+06 1.664163589999999999e+02 -1.419419000000000075e+01 7.086102000000000345e+00
1.267064000000000000e+06 1.678666320000000098e+02 -1.763137100000000146e+01 8.539621999999999602e+00
1.258125000000000000e+06 1.664002279999999985e+02 -1.375342500000000001e+01 7.331171999999999578e+00
1.221350000000000000e+06 1.681449000000000069e+02 -1.911202000000000112e+01 7.626992999999999689e+00
1.291311000000000000e+06 1.673612359999999910e+02 -1.700743699999999947e+01 8.095693000000000694e+00
1.235826000000000000e+06 1.662076820000000055e+02 -1.315612100000000062e+01 7.265869999999999607e+00
1.220781000000000000e+06 1.664593470000000082e+02 -1.428596699999999942e+01 7.106793999999999834e+00
1.358485000000000000e+06 1.697148620000000108e+02 -2.142174199999999828e+01 8.378567999999999572e+00
1.273896000000000000e+06 1.675228539999999953e+02 -1.682012800000000041e+01 8.353308999999999429e+00
1.286093000000000000e+06 1.701508880000000090e+02 -2.182678200000000146e+01 8.486271000000000342e+00
1.325357000000000000e+06 1.684115180000000009e+02 -1.975547800000000009e+01 7.645734000000000030e+00
1.260221000000000000e+06 1.693026270000000011e+02 -2.125653600000000054e+01 7.483240000000000336e+00
1.297154000000000000e+06 1.683158750000000055e+02 -1.955506799999999856e+01 7.727583000000000091e+00
1.268624000000000000e+06 1.683725900000000024e+02 -1.907864299999999957e+01 8.439564000000000732e+00
1.255712000000000000e+06 1.660357469999999864e+02 -1.183294800000000002e+01 8.054164000000000101e+00
1.237829000000000000e+06 1.700696220000000096e+02 -2.188691499999999834e+01 8.075433999999999557e+00
1.203700000000000000e+06 1.662293880000000001e+02 -1.237510699999999986e+01 7.981630000000000003e+00
1.297799000000000000e+06 1.664955589999999859e+02 -1.419890400000000064e+01 7.556129999999999569e+00
1.212216000000000000e+06 1.673580169999999896e+02 -1.701847000000000065e+01 7.881489000000000189e+00
1.227309000000000000e+06 1.678881399999999928e+02 -1.792414600000000036e+01 7.273991999999999791e+00
1.215706000000000000e+06 1.699742510000000095e+02 -2.201929799999999915e+01 7.575636000000000259e+00
1.357408000000000000e+06 1.682433760000000120e+02 -1.902941600000000122e+01 8.134448000000000789e+00
1.327510000000000000e+06 1.721042799999999886e+02 -2.288949500000000015e+01 7.618267000000000344e+00
1.272519000000000000e+06 1.691098399999999913e+02 -2.043838900000000081e+01 8.648452000000000695e+00
1.284947000000000000e+06 1.718741699999999923e+02 -2.271815600000000046e+01 8.088141000000000247e+00
1.233410000000000000e+06 1.711863009999999861e+02 -2.260370599999999897e+01 8.056300000000000239e+00
1.296233000000000000e+06 1.662998980000000131e+02 -1.246551799999999943e+01 8.202723999999999904e+00
1.205403000000000000e+06 1.700932870000000037e+02 -2.200146099999999905e+01 8.014663999999999788e+00
1.293711000000000000e+06 1.701041659999999922e+02 -2.175615300000000119e+01 7.328909999999999592e+00
1.270380000000000000e+06 1.697009559999999908e+02 -2.179371799999999837e+01 7.134470999999999563e+00
1.371599000000000000e+06 1.665642860000000098e+02 -1.440287499999999987e+01 7.759621000000000102e+00
1.244920000000000000e+06 1.707709570000000099e+02 -2.229976200000000119e+01 8.391975999999999658e+00
1.234166000000000000e+06 1.661718400000000031e+02 -1.304465500000000056e+01 7.073953000000000380e+00
1.423871000000000000e+06 1.691960530000000063e+02 -2.106990899999999911e+01 7.793859999999999566e+00
1.378751000000000000e+06 1.659556379999999933e+02 -1.170497100000000046e+01 7.558017999999999681e+00
1.436043000000000000e+06 1.660387990000000116e+02 -1.184512400000000021e+01 7.870897000000000254e+00
1.348481000000000000e+06 1.688299859999999910e+02 -2.009852499999999864e+01 8.478910000000000835e+00
1.306009000000000000e+06 1.708254959999999869e+02 -2.258639300000000105e+01 7.695719999999999672e+00
1.407707000000000000e+06 1.662173549999999977e+02 -1.292131900000000044e+01 7.693323999999999607e+00
1.203835000000000000e+06 1.675963649999999916e+02 -1.782074700000000078e+01 7.869360000000000355e+00
1.341410000000000000e+06 1.687136109999999860e+02 -1.982418900000000050e+01 8.490437000000000012e+00
1.304878000000000000e+06 1.662686689999999885e+02 -1.253968799999999995e+01 8.242034000000000304e+00
1.355424000000000000e+06 1.656780530000000056e+02 -1.101914299999999969e+01 8.229457999999999274e+00
1.286419000000000000e+06 1.684718520000000126e+02 -1.987059199999999848e+01 7.671753999999999962e+00
1.305163000000000000e+06 1.667209640000000093e+02 -1.509598599999999990e+01 7.905234000000000094e+00
1.477097000000000000e+06 1.664994130000000041e+02 -1.311994900000000008e+01 8.504291999999999518e+00
1.318616000000000000e+06 1.656643550000000005e+02 -1.116957200000000050e+01 7.683206000000000202e+00
1.243899000000000000e+06 1.667827350000000024e+02 -1.599235900000000044e+01 7.486055999999999599e+00
1.222803000000000000e+06 1.687351969999999994e+02 -2.034520799999999952e+01 7.081019999999999648e+00
1.238161000000000000e+06 1.663708609999999908e+02 -1.396572300000000055e+01 7.059154000000000373e+00
1.250647000000000000e+06 1.665325400000000116e+02 -1.345251299999999972e+01 8.281252000000000280e+00
1.264836000000000000e+06 1.699553459999999916e+02 -2.205221999999999838e+01 7.424738999999999756e+00
1.235302000000000000e+06 1.660187160000000119e+02 -1.224865400000000015e+01 7.084982000000000113e+00
1.269703000000000000e+06 1.684634240000000034e+02 -1.985122399999999843e+01 7.518333000000000155e+00
1.250783000000000000e+06 1.665779359999999940e+02 -1.494496400000000058e+01 7.398671000000000220e+00
1.305732000000000000e+06 1.698790840000000060e+02 -2.183144599999999969e+01 7.967983000000000260e+00
1.233342000000000000e+06 1.691797039999999868e+02 -2.108034299999999917e+01 7.462469999999999715e+00
1.282797000000000000e+06 1.683474820000000136e+02 -1.958517000000000152e+01 7.128207999999999878e+00
1.540909000000000000e+06 1.676597280000000012e+02 -1.763183099999999826e+01 7.942549999999999777e+00
1.334723000000000000e+06 1.697346330000000023e+02 -2.189511999999999858e+01 7.179941000000000351e+00
1.284512000000000000e+06 1.697036249999999882e+02 -2.146819500000000147e+01 8.251079999999999970e+00
1.397697000000000000e+06 1.656768020000000092e+02 -1.091597800000000085e+01 8.287717999999999918e+00
1.358783000000000000e+06 1.687977710000000116e+02 -1.994847899999999896e+01 8.314624000000000237e+00
1.244939000000000000e+06 1.683966609999999946e+02 -1.927126399999999862e+01 8.329423999999999495e+00
1.212030000000000000e+06 1.691932449999999903e+02 -2.103956099999999907e+01 7.691244000000000192e+00
1.323638000000000000e+06 1.665078430000000083e+02 -1.319433100000000003e+01 8.265634000000000370e+00
1.206450000000000000e+06 1.676853199999999902e+02 -1.805347700000000088e+01 7.679717000000000127e+00
1.271058000000000000e+06 1.712958710000000053e+02 -2.245558300000000074e+01 8.406423000000000201e+00
1.321536000000000000e+06 1.662378600000000120e+02 -1.319309299999999929e+01 7.514329000000000036e+00
1.250173000000000000e+06 1.664737829999999974e+02 -1.425719699999999968e+01 7.317647000000000013e+00
1.271359000000000000e+06 1.666135470000000112e+02 -1.563905500000000082e+01 7.245574000000000403e+00
1.283924000000000000e+06 1.673328109999999924e+02 -1.700260400000000161e+01 7.921372999999999998e+00
1.233920000000000000e+06 1.692779229999999870e+02 -2.084827399999999997e+01 8.348226999999999620e+00
1.369999000000000000e+06 1.660623989999999992e+02 -1.216812400000000061e+01 7.685106000000000215e+00
1.311810000000000000e+06 1.672613330000000076e+02 -1.712485099999999960e+01 7.488642999999999716e+00
1.263725000000000000e+06 1.662548329999999908e+02 -1.215686400000000056e+01 8.190165000000000362e+00
1.320306000000000000e+06 1.679197499999999934e+02 -1.873124899999999826e+01 7.573818000000000161e+00
1.261966000000000000e+06 1.678642959999999960e+02 -1.857390799999999942e+01 7.432406000000000290e+00
1.387637000000000000e+06 1.687691829999999982e+02 -1.992829100000000153e+01 8.373924999999999841e+00
1.248821000000000000e+06 1.683221749999999872e+02 -1.954909299999999917e+01 7.703642000000000323e+00
1.322506000000000000e+06 1.673604379999999878e+02 -1.665506600000000148e+01 8.399452999999999392e+00
1.269520000000000000e+06 1.661074979999999925e+02 -1.238566699999999976e+01 7.696170000000000400e+00
1.395356000000000000e+06 1.674307029999999941e+02 -1.676743300000000048e+01 8.267082999999999515e+00
1.275952000000000000e+06 1.691262910000000090e+02 -2.103604100000000088e+01 7.397560999999999609e+00
1.586798000000000000e+06 1.674622019999999907e+02 -1.713872399999999985e+01 7.853505000000000180e+00
1.239981000000000000e+06 1.662050189999999930e+02 -1.302558100000000074e+01 7.309771999999999714e+00
1.315343000000000000e+06 1.681841799999999978e+02 -1.927057100000000034e+01 7.616158999999999679e+00
1.244594000000000000e+06 1.662977549999999951e+02 -1.364229399999999970e+01 7.007711999999999719e+00
1.345604000000000000e+06 1.681585729999999899e+02 -1.924578299999999942e+01 7.746997000000000355e+00
1.313026000000000000e+06 1.675091119999999876e+02 -1.739470700000000036e+01 8.052576000000000178e+00
1.366836000000000000e+06 1.685481139999999982e+02 -1.941700600000000065e+01 8.574714999999999421e+00
1.203740000000000000e+06 1.706211790000000121e+02 -2.231847199999999987e+01 8.100251000000000090e+00
1.332599000000000000e+06 1.675357769999999960e+02 -1.741293800000000047e+01 7.839222999999999608e+00
1.555947000000000000e+06 1.693394389999999987e+02 -2.086759899999999845e+01 8.516175999999999746e+00
1.210648000000000000e+06 1.660851079999999911e+02 -1.242015800000000070e+01 7.635474000000000316e+00
1.232802000000000000e+06 1.663435080000000141e+02 -1.330369999999999919e+01 7.770188000000000095e+00
1.249901000000000000e+06 1.673250940000000071e+02 -1.721107699999999952e+01 7.479703999999999908e+00
1.306747000000000000e+06 1.666403500000000122e+02 -1.582589199999999963e+01 7.211396999999999835e+00
1.268400000000000000e+06 1.696490489999999909e+02 -2.179072400000000087e+01 7.185240000000000293e+00
1.363940000000000000e+06 1.682087779999999952e+02 -1.897000699999999895e+01 8.274017999999999873e+00
1.222287000000000000e+06 1.665083360000000141e+02 -1.348854700000000051e+01 8.358292000000000499e+00
1.220520000000000000e+06 1.662050869999999918e+02 -1.209780600000000028e+01 8.344506000000000867e+00
1.217021000000000000e+06 1.701158780000000093e+02 -2.219014500000000112e+01 7.583465000000000344e+00
1.412715000000000000e+06 1.698648619999999880e+02 -2.186608700000000027e+01 7.955701000000000356e+00
1.279217000000000000e+06 1.661692700000000116e+02 -1.297705599999999926e+01 7.173214999999999897e+00
1.681965000000000000e+06 1.697225290000000086e+02 -2.144385199999999969e+01 8.394171000000000049e+00
1.441124000000000000e+06 1.669138039999999990e+02 -1.612863899999999973e+01 7.851939999999999920e+00
1.210843000000000000e+06 1.703839649999999892e+02 -2.238972499999999854e+01 7.652464000000000155e+00
1.322682000000000000e+06 1.691402699999999868e+02 -2.089858600000000166e+01 7.803300000000000125e+00
1.426082000000000000e+06 1.698860329999999976e+02 -2.188670000000000115e+01 7.928105999999999653e+00
1.279848000000000000e+06 1.654420179999999903e+02 -1.081341600000000014e+01 7.886694000000000315e+00
1.243769000000000000e+06 1.693616419999999891e+02 -2.103161400000000114e+01 8.380387999999999948e+00
1.212948000000000000e+06 1.695913810000000126e+02 -2.123083899999999957e+01 8.410515000000000185e+00
1.524341000000000000e+06 1.696285809999999969e+02 -2.120961499999999944e+01 8.568875999999999493e+00
1.217341000000000000e+06 1.682119230000000130e+02 -1.945687500000000014e+01 7.149999000000000215e+00
1.216304000000000000e+06 1.691316099999999949e+02 -2.101156500000000094e+01 7.137642999999999738e+00
1.206657000000000000e+06 1.701202910000000088e+02 -2.220278400000000119e+01 7.446034000000000042e+00
1.287607000000000000e+06 1.659646899999999903e+02 -1.189011900000000033e+01 7.102255999999999680e+00
1.274314000000000000e+06 1.661850479999999948e+02 -1.227557200000000037e+01 8.087021999999999267e+00
1.610175000000000000e+06 1.690340779999999938e+02 -2.061362199999999945e+01 8.119576999999999600e+00
1.257478000000000000e+06 1.684438179999999932e+02 -1.926288699999999920e+01 8.435031999999999641e+00
1.247606000000000000e+06 1.669619189999999946e+02 -1.529965900000000012e+01 8.552129000000000758e+00
1.204785000000000000e+06 1.704481370000000027e+02 -2.248195000000000121e+01 7.414943000000000062e+00
1.303471000000000000e+06 1.707738569999999925e+02 -2.232994700000000066e+01 8.195639999999999148e+00
1.374044000000000000e+06 1.697823500000000081e+02 -2.157430599999999998e+01 8.300107999999999819e+00
1.221008000000000000e+06 1.669400559999999984e+02 -1.654892200000000102e+01 7.115867999999999860e+00
1.213407000000000000e+06 1.676194800000000100e+02 -1.756621900000000025e+01 7.849782000000000259e+00
1.250155000000000000e+06 1.660441160000000025e+02 -1.220459499999999942e+01 7.223461999999999605e+00
1.229365000000000000e+06 1.695511339999999905e+02 -2.156184800000000124e+01 7.760511000000000159e+00
1.267411000000000000e+06 1.715267320000000097e+02 -2.279122800000000026e+01 7.774426000000000059e+00
1.367315000000000000e+06 1.660868490000000008e+02 -1.243187700000000007e+01 7.375376000000000154e+00
1.214727000000000000e+06 1.700735109999999963e+02 -2.221402099999999891e+01 7.321988000000000163e+00
1.216451000000000000e+06 1.665252130000000079e+02 -1.438630999999999993e+01 7.249642999999999837e+00
1.228510000000000000e+06 1.693387840000000040e+02 -2.101067400000000163e+01 8.335976999999999748e+00
1.496652000000000000e+06 1.678595070000000078e+02 -1.756262100000000004e+01 8.330947000000000102e+00
1.222921000000000000e+06 1.655976410000000101e+02 -1.108740099999999984e+01 7.935781000000000418e+00
1.284923000000000000e+06 1.667749839999999892e+02 -1.516753899999999966e+01 8.094177000000000177e+00
1.272538000000000000e+06 1.669240389999999934e+02 -1.540708099999999980e+01 8.388859000000000066e+00
1.356846000000000000e+06 1.691713029999999947e+02 -2.075781299999999874e+01 8.345230000000000814e+00
1.365898000000000000e+06 1.696538889999999924e+02 -2.165231599999999901e+01 7.633052000000000170e+00
1.203229000000000000e+06 1.692543829999999900e+02 -2.066010299999999944e+01 8.639200000000000657e+00
1.236037000000000000e+06 1.699901949999999999e+02 -2.201742499999999936e+01 7.561830999999999747e+00
1.453799000000000000e+06 1.662108149999999966e+02 -1.195722199999999980e+01 8.297150999999999499e+00
1.218460000000000000e+06 1.676082179999999937e+02 -1.778676300000000055e+01 7.442842999999999876e+00
1.251290000000000000e+06 1.676845690000000104e+02 -1.776686799999999877e+01 8.139350999999999559e+00
1.242862000000000000e+06 1.702174300000000073e+02 -2.216003600000000162e+01 8.043756999999999380e+00
1.576158000000000000e+06 1.686017180000000053e+02 -1.971499999999999986e+01 8.310404000000000124e+00
1.217794000000000000e+06 1.700021350000000098e+02 -2.195700300000000027e+01 7.996513000000000204e+00
1.312885000000000000e+06 1.665580940000000112e+02 -1.353352600000000017e+01 8.676546000000000092e+00
1.243179000000000000e+06 1.664766979999999990e+02 -1.314681900000000070e+01 8.335803000000000296e+00
1.215377000000000000e+06 1.666010839999999860e+02 -1.546532000000000018e+01 7.165371999999999630e+00
1.216842000000000000e+06 1.667479470000000106e+02 -1.544282800000000044e+01 7.857855999999999952e+00
1.223633000000000000e+06 1.692887949999999933e+02 -2.081665100000000024e+01 8.520440999999999931e+00
1.230016000000000000e+06 1.690248320000000035e+02 -2.094440200000000019e+01 7.111826999999999899e+00
1.282431000000000000e+06 1.679387120000000095e+02 -1.834171200000000113e+01 8.229089000000000098e+00
1.262869000000000000e+06 1.656963000000000079e+02 -1.101041299999999978e+01 8.245091000000000392e+00
1.299285000000000000e+06 1.676952699999999936e+02 -1.812308399999999864e+01 7.438494000000000383e+00
1.230407000000000000e+06 1.674304400000000044e+02 -1.727641500000000008e+01 7.233219000000000065e+00
1.280097000000000000e+06 1.663995920000000126e+02 -1.278591499999999925e+01 8.532828000000000301e+00
1.332168000000000000e+06 1.701682110000000137e+02 -2.179744600000000077e+01 7.195521000000000278e+00
1.206143000000000000e+06 1.670446410000000128e+02 -1.675523499999999899e+01 7.184400000000000119e+00
1.648915000000000000e+06 1.656134160000000008e+02 -1.106435800000000036e+01 8.119934999999999903e+00
1.378757000000000000e+06 1.655785879999999963e+02 -1.095870500000000014e+01 8.051728000000000662e+00
1.412239000000000000e+06 1.683858930000000100e+02 -1.908813200000000165e+01 8.601867999999999626e+00
1.222457000000000000e+06 1.661163290000000075e+02 -1.202446199999999976e+01 7.925677999999999557e+00
1.244198000000000000e+06 1.661150120000000072e+02 -1.209246000000000087e+01 7.947944999999999816e+00
1.233590000000000000e+06 1.673808889999999963e+02 -1.729214899999999844e+01 7.400612999999999886e+00
1.315326000000000000e+06 1.696752500000000055e+02 -2.142511800000000122e+01 8.351608000000000587e+00
1.252920000000000000e+06 1.684328329999999880e+02 -1.862060800000000071e+01 7.317285000000000039e+00
1.259284000000000000e+06 1.697997569999999996e+02 -2.141540699999999831e+01 8.588333000000000439e+00
1.334621000000000000e+06 1.665808550000000139e+02 -1.368688799999999972e+01 8.315105000000000857e+00
1.227130000000000000e+06 1.661151130000000080e+02 -1.283354300000000059e+01 7.041301999999999950e+00
1.277202000000000000e+06 1.673943580000000111e+02 -1.669222800000000007e+01 8.358563999999999439e+00
1.233205000000000000e+06 1.677231979999999965e+02 -1.841326499999999911e+01 7.408738999999999741e+00
1.323835000000000000e+06 1.667808949999999868e+02 -1.476721900000000076e+01 8.111198999999999160e+00
1.260410000000000000e+06 1.672329249999999945e+02 -1.701143000000000072e+01 7.357206999999999830e+00
1.209336000000000000e+06 1.679782109999999875e+02 -1.737218400000000074e+01 7.123585000000000278e+00
1.299728000000000000e+06 1.703387759999999957e+02 -2.239315500000000014e+01 7.544201000000000157e+00
1.280910000000000000e+06 1.682672819999999945e+02 -1.949040899999999965e+01 7.465211000000000041e+00
1.203288000000000000e+06 1.669239619999999888e+02 -1.604945000000000022e+01 7.971307000000000365e+00
1.231687000000000000e+06 1.692279080000000135e+02 -2.116816100000000134e+01 7.655037000000000091e+00
1.213337000000000000e+06 1.677269239999999968e+02 -1.838389499999999899e+01 7.198500000000000121e+00
1.307173000000000000e+06 1.698972909999999956e+02 -2.191286600000000107e+01 7.797392000000000323e+00
1.239900000000000000e+06 1.689653460000000109e+02 -2.036147199999999913e+01 8.426766000000000645e+00
1.218444000000000000e+06 1.678197240000000079e+02 -1.848694000000000059e+01 7.613785000000000025e+00
1.506555000000000000e+06 1.704154540000000111e+02 -2.206756499999999832e+01 8.407215000000000771e+00
1.259039000000000000e+06 1.676377669999999966e+02 -1.716186899999999937e+01 8.614489999999999981e+00
1.214782000000000000e+06 1.662826650000000086e+02 -1.346092799999999912e+01 7.417858999999999980e+00
1.462260000000000000e+06 1.705802970000000016e+02 -2.229634499999999875e+01 8.199761000000000521e+00
1.224492000000000000e+06 1.689138839999999959e+02 -2.081340900000000005e+01 7.113057999999999659e+00
1.225043000000000000e+06 1.712481549999999970e+02 -2.279077099999999945e+01 7.331516999999999840e+00
1.225492000000000000e+06 1.700163169999999866e+02 -2.216121100000000155e+01 7.296945000000000014e+00
1.251778000000000000e+06 1.663575739999999996e+02 -1.265013199999999927e+01 7.841652999999999984e+00
1.407760000000000000e+06 1.700391789999999901e+02 -2.216721199999999925e+01 7.457295000000000229e+00
1.304470000000000000e+06 1.676287350000000060e+02 -1.783887800000000112e+01 7.860561999999999827e+00
1.311745000000000000e+06 1.660739199999999869e+02 -1.237458499999999972e+01 7.402163999999999966e+00
1.257194000000000000e+06 1.694416310000000010e+02 -2.117631099999999833e+01 8.205178000000000083e+00
1.457452000000000000e+06 1.705609330000000057e+02 -2.205737099999999984e+01 8.572488999999999137e+00
1.442579000000000000e+06 1.677521879999999896e+02 -1.740519899999999964e+01 8.663876000000000133e+00
1.231600000000000000e+06 1.660917080000000112e+02 -1.186156899999999936e+01 8.401837000000000444e+00
1.208251000000000000e+06 1.686693689999999890e+02 -1.945374500000000140e+01 7.014100000000000001e+00
1.215209000000000000e+06 1.702143049999999960e+02 -2.166905799999999971e+01 7.117697999999999858e+00
1.272482000000000000e+06 1.671855429999999956e+02 -1.669980999999999938e+01 7.837485000000000035e+00
1.548386000000000000e+06 1.688019199999999955e+02 -2.003146100000000018e+01 8.473470000000000724e+00
1.336608000000000000e+06 1.723580910000000017e+02 -2.271303100000000086e+01 8.144652999999999921e+00
1.216182000000000000e+06 1.680204469999999901e+02 -1.914911199999999880e+01 7.058296000000000348e+00
1.359523000000000000e+06 1.680650090000000034e+02 -1.860961700000000008e+01 8.056150999999999840e+00
1.267981000000000000e+06 1.680160410000000013e+02 -1.903230900000000148e+01 7.405514000000000152e+00
1.266556000000000000e+06 1.663740280000000098e+02 -1.380860099999999946e+01 7.262319999999999887e+00
1.232002000000000000e+06 1.699841649999999902e+02 -2.195773300000000106e+01 7.786234000000000322e+00
1.256928000000000000e+06 1.703885659999999973e+02 -2.230522300000000158e+01 7.913603000000000165e+00
1.261086000000000000e+06 1.665221889999999973e+02 -1.487852900000000034e+01 7.116854000000000013e+00
1.301128000000000000e+06 1.662833339999999964e+02 -1.231945299999999932e+01 8.277155999999999736e+00
1.292144000000000000e+06 1.699712749999999915e+02 -2.206531000000000020e+01 7.333680000000000199e+00
1.277339000000000000e+06 1.706909540000000050e+02 -2.263714399999999927e+01 7.181868999999999836e+00
1.216772000000000000e+06 1.680629040000000032e+02 -1.827460299999999904e+01 8.417773000000000394e+00
1.251829000000000000e+06 1.682320200000000057e+02 -1.917318600000000117e+01 8.001345999999999847e+00
1.436026000000000000e+06 1.698201329999999984e+02 -2.158224900000000090e+01 8.373419000000000167e+00
1.317196000000000000e+06 1.664850920000000087e+02 -1.347404200000000074e+01 7.860490000000000421e+00
1.311486000000000000e+06 1.694174749999999960e+02 -2.110258599999999873e+01 8.370869000000000781e+00
1.252244000000000000e+06 1.669723160000000064e+02 -1.643314499999999967e+01 7.493929999999999758e+00
1.247932000000000000e+06 1.661758920000000046e+02 -1.284023200000000031e+01 7.426736000000000004e+00
1.287705000000000000e+06 1.658902840000000083e+02 -1.083386699999999969e+01 7.327106999999999815e+00
1.317835000000000000e+06 1.681857469999999921e+02 -1.931298999999999921e+01 7.503065999999999569e+00
1.210083000000000000e+06 1.693107129999999927e+02 -2.134903299999999859e+01 7.120197000000000109e+00
1.208229000000000000e+06 1.663378639999999962e+02 -1.383741799999999955e+01 7.079182000000000308e+00
1.464553000000000000e+06 1.664397639999999967e+02 -1.330759300000000067e+01 8.063608000000000331e+00
1.320577000000000000e+06 1.673347420000000056e+02 -1.687618600000000058e+01 7.825743000000000116e+00
1.749258000000000000e+06 1.693334020000000066e+02 -2.093909199999999871e+01 8.182423000000000002e+00
1.241230000000000000e+06 1.701405750000000126e+02 -2.152640699999999896e+01 7.004817000000000071e+00
1.232736000000000000e+06 1.704605400000000088e+02 -2.223350399999999993e+01 8.005931000000000353e+00
1.286154000000000000e+06 1.654921820000000139e+02 -1.108920600000000078e+01 7.049069000000000251e+00
1.246499000000000000e+06 1.664028069999999957e+02 -1.284564300000000081e+01 8.391821999999999449e+00
1.211203000000000000e+06 1.698241559999999879e+02 -2.194409200000000126e+01 7.373402999999999707e+00
1.255690000000000000e+06 1.703129219999999862e+02 -2.235256000000000043e+01 7.629909999999999748e+00
1.204136000000000000e+06 1.692013760000000104e+02 -2.115250599999999892e+01 7.286951000000000178e+00
1.238795000000000000e+06 1.704814869999999871e+02 -2.234284299999999845e+01 7.972020999999999802e+00
1.218643000000000000e+06 1.682112830000000088e+02 -1.953983500000000006e+01 7.046475000000000044e+00
1.215799000000000000e+06 1.664562899999999956e+02 -1.404864899999999928e+01 7.367550999999999739e+00
1.220257000000000000e+06 1.704214100000000087e+02 -2.245860899999999916e+01 7.387793000000000276e+00
1.285166000000000000e+06 1.693695270000000050e+02 -2.144956300000000127e+01 7.143730999999999831e+00
1.226747000000000000e+06 1.676758609999999976e+02 -1.809776400000000152e+01 7.338470000000000049e+00
1.214799000000000000e+06 1.673587369999999908e+02 -1.735280099999999948e+01 7.054311000000000220e+00
1.313671000000000000e+06 1.681682969999999955e+02 -1.879875099999999932e+01 8.301517000000000479e+00
1.287764000000000000e+06 1.665287280000000010e+02 -1.446951299999999918e+01 7.239667999999999992e+00
1.268990000000000000e+06 1.663920390000000111e+02 -1.385873400000000011e+01 7.281609999999999694e+00
1.278741000000000000e+06 1.693821990000000142e+02 -2.136545100000000019e+01 7.517051999999999623e+00
1.256854000000000000e+06 1.675238940000000127e+02 -1.775506299999999982e+01 7.095922999999999981e+00
1.215194000000000000e+06 1.695698280000000011e+02 -2.135127599999999859e+01 8.175364999999999327e+00
1.229737000000000000e+06 1.706319200000000080e+02 -2.237219299999999933e+01 8.102508999999999517e+00
1.403883000000000000e+06 1.684641210000000058e+02 -1.931774199999999908e+01 8.583436000000000732e+00
1.223001000000000000e+06 1.672771339999999896e+02 -1.711581400000000031e+01 7.157235000000000014e+00
1.287375000000000000e+06 1.673373259999999902e+02 -1.706493499999999841e+01 7.967082999999999693e+00
1.258904000000000000e+06 1.687927630000000079e+02 -2.044769399999999848e+01 7.301344000000000278e+00
1.260182000000000000e+06 1.684889290000000130e+02 -1.943047599999999875e+01 8.422857999999999734e+00
1.281665000000000000e+06 1.660299960000000112e+02 -1.213821500000000064e+01 7.376145000000000174e+00
1.207408000000000000e+06 1.705905930000000126e+02 -2.215791499999999914e+01 8.481640000000000512e+00
1.284840000000000000e+06 1.668277150000000120e+02 -1.417125500000000038e+01 7.634555999999999898e+00
1.408327000000000000e+06 1.688791750000000036e+02 -2.020364500000000163e+01 8.440583999999999421e+00
1.238454000000000000e+06 1.665068890000000010e+02 -1.340901400000000088e+01 8.271447999999999467e+00
1.228901000000000000e+06 1.704220689999999934e+02 -2.244882399999999834e+01 7.137233000000000160e+00
1.250337000000000000e+06 1.676345269999999914e+02 -1.796023399999999981e+01 7.317078999999999667e+00
1.312338000000000000e+06 1.664445530000000133e+02 -1.408801300000000012e+01 7.268790000000000084e+00
1.227787000000000000e+06 1.678300600000000031e+02 -1.833680499999999824e+01 7.592170000000000307e+00
1.217347000000000000e+06 1.662280140000000017e+02 -1.335994700000000002e+01 7.031965999999999717e+00
1.209655000000000000e+06 1.695654680000000099e+02 -2.134467499999999873e+01 8.230138000000000176e+00
1.233172000000000000e+06 1.698676590000000033e+02 -2.178783599999999865e+01 7.959348999999999563e+00
1.375372000000000000e+06 1.697534740000000113e+02 -2.175432999999999950e+01 7.879719999999999835e+00
1.314781000000000000e+06 1.679708730000000116e+02 -1.797428400000000082e+01 8.275859000000000520e+00
1.269632000000000000e+06 1.674196919999999977e+02 -1.685634800000000055e+01 8.297928000000000637e+00
1.433098000000000000e+06 1.684268150000000048e+02 -1.911215599999999881e+01 8.652025999999999328e+00
1.211096000000000000e+06 1.665742470000000139e+02 -1.406332899999999952e+01 7.781855000000000189e+00
1.274102000000000000e+06 1.695493769999999927e+02 -2.168050500000000014e+01 7.179988999999999955e+00
1.206519000000000000e+06 1.665485160000000064e+02 -1.362773600000000052e+01 8.293537999999999855e+00
1.372353000000000000e+06 1.695330519999999979e+02 -2.135999999999999943e+01 8.200119000000000824e+00
1.227818000000000000e+06 1.684183700000000101e+02 -1.899441699999999855e+01 7.011982999999999855e+00
1.307794000000000000e+06 1.703510359999999935e+02 -2.198399699999999868e+01 8.446823999999999444e+00
1.209449000000000000e+06 1.661161820000000091e+02 -1.213331600000000066e+01 8.528245999999999327e+00
1.224744000000000000e+06 1.674623880000000042e+02 -1.744596200000000152e+01 7.209680999999999784e+00
1.301279000000000000e+06 1.685699539999999956e+02 -2.005408399999999958e+01 7.523668999999999940e+00
1.294740000000000000e+06 1.667284170000000074e+02 -1.432131200000000071e+01 8.514647999999999328e+00
1.245467000000000000e+06 1.658919380000000103e+02 -1.134872400000000070e+01 7.954710999999999643e+00
1.262318000000000000e+06 1.696308410000000038e+02 -2.136351600000000062e+01 8.293423999999999907e+00
1.252371000000000000e+06 1.709661360000000059e+02 -2.252867300000000128e+01 7.910817999999999905e+00
1.213555000000000000e+06 1.699988490000000070e+02 -2.214384000000000086e+01 7.050675000000000026e+00
1.255624000000000000e+06 1.678483200000000011e+02 -1.847332300000000060e+01 7.693132000000000303e+00
1.208489000000000000e+06 1.666026180000000068e+02 -1.494655099999999948e+01 7.596549000000000440e+00
1.205553000000000000e+06 1.662440850000000125e+02 -1.324130399999999952e+01 7.507623999999999853e+00
1.392431000000000000e+06 1.662290790000000129e+02 -1.221275999999999939e+01 8.264950000000000685e+00
1.293540000000000000e+06 1.677760859999999923e+02 -1.847638500000000050e+01 7.327577999999999925e+00
1.209775000000000000e+06 1.678684289999999919e+02 -1.861523100000000142e+01 7.622091000000000172e+00
1.239420000000000000e+06 1.698805790000000115e+02 -2.196171100000000109e+01 7.500322999999999851e+00
1.238465000000000000e+06 1.680853089999999952e+02 -1.865270900000000154e+01 8.256453000000000486e+00
1.420424000000000000e+06 1.680335910000000013e+02 -1.844135700000000000e+01 8.396406999999999954e+00
1.258176000000000000e+06 1.655902440000000126e+02 -1.106252899999999961e+01 7.883094999999999963e+00
1.268961000000000000e+06 1.701594910000000027e+02 -2.191375499999999832e+01 8.369699000000000666e+00
1.331049000000000000e+06 1.662233239999999910e+02 -1.225237000000000087e+01 8.549001999999999768e+00
1.209145000000000000e+06 1.700370609999999942e+02 -2.219364900000000063e+01 7.230381000000000391e+00
1.229442000000000000e+06 1.686966170000000034e+02 -2.019094700000000131e+01 7.765679999999999694e+00
1.296805000000000000e+06 1.663140850000000057e+02 -1.345317000000000007e+01 7.356653999999999805e+00
1.358287000000000000e+06 1.688414390000000083e+02 -2.051548599999999922e+01 7.644453000000000387e+00
1.379439000000000000e+06 1.672176640000000134e+02 -1.703148799999999952e+01 7.141070000000000029e+00
1.428846000000000000e+06 1.663947180000000117e+02 -1.296285899999999991e+01 8.322323000000000803e+00
1.278962000000000000e+06 1.688459310000000073e+02 -2.058162300000000045e+01 7.098444999999999894e+00
1.255873000000000000e+06 1.683729409999999973e+02 -1.983842800000000040e+01 7.094782000000000366e+00
1.345880000000000000e+06 1.712197759999999960e+02 -2.244048899999999946e+01 8.443028999999999229e+00
1.295644000000000000e+06 1.691415210000000116e+02 -2.066512300000000124e+01 8.446111999999999398e+00
1.251557000000000000e+06 1.697271479999999997e+02 -2.162389399999999995e+01 8.084317000000000419e+00
1.249401000000000000e+06 1.699852270000000090e+02 -2.184554699999999983e+01 8.158153999999999684e+00
1.236321000000000000e+06 1.653844180000000108e+02 -1.077644500000000072e+01 7.810913000000000217e+00
1.217136000000000000e+06 1.696487329999999929e+02 -2.178028600000000026e+01 7.175279999999999880e+00
1.445020000000000000e+06 1.676760350000000130e+02 -1.774544699999999864e+01 7.977750000000000341e+00
1.332027000000000000e+06 1.700070499999999925e+02 -2.210763400000000090e+01 7.503460999999999714e+00
1.259543000000000000e+06 1.666859570000000019e+02 -1.299909399999999948e+01 7.033923999999999843e+00
1.271896000000000000e+06 1.695638899999999865e+02 -2.156079400000000135e+01 7.639266000000000112e+00
1.215590000000000000e+06 1.665724010000000135e+02 -1.486767200000000066e+01 7.426549999999999763e+00
1.446057000000000000e+06 1.680521939999999859e+02 -1.895973199999999892e+01 7.819431999999999938e+00
1.240415000000000000e+06 1.660586050000000000e+02 -1.236233000000000004e+01 7.258656000000000219e+00
1.211762000000000000e+06 1.694948660000000018e+02 -2.153847100000000125e+01 7.106639999999999624e+00
1.278044000000000000e+06 1.701624620000000050e+02 -2.224279599999999846e+01 7.501928000000000374e+00
1.225008000000000000e+06 1.699896170000000097e+02 -2.196435800000000071e+01 7.998217000000000354e+00
1.244406000000000000e+06 1.694667729999999892e+02 -2.158068600000000004e+01 7.251369999999999649e+00
1.270234000000000000e+06 1.689866949999999974e+02 -2.044069700000000012e+01 8.356598999999999222e+00
1.212966000000000000e+06 1.703684829999999977e+02 -2.239811800000000019e+01 7.395665000000000155e+00
1.327908000000000000e+06 1.681114809999999977e+02 -1.907162900000000150e+01 7.954621999999999638e+00
1.277308000000000000e+06 1.660417659999999955e+02 -1.232851699999999973e+01 7.126108999999999583e+00
1.294465000000000000e+06 1.705211339999999893e+02 -2.212377899999999897e+01 8.454534000000000660e+00
1.238662000000000000e+06 1.695137960000000135e+02 -2.136149400000000043e+01 8.007327999999999335e+00
1.247944000000000000e+06 1.700675439999999981e+02 -2.221005800000000008e+01 7.303694000000000131e+00
1.328205000000000000e+06 1.691604159999999979e+02 -2.082323500000000038e+01 8.091253999999999280e+00
1.229331000000000000e+06 1.664613789999999938e+02 -1.428650500000000001e+01 7.076043999999999556e+00
1.321645000000000000e+06 1.664343499999999949e+02 -1.430222999999999978e+01 7.019274000000000235e+00
1.399906000000000000e+06 1.716446829999999864e+02 -2.268164000000000158e+01 8.067119999999999180e+00
1.478250000000000000e+06 1.659410799999999995e+02 -1.139482500000000087e+01 8.342428999999999206e+00
1.283680000000000000e+06 1.688214949999999988e+02 -2.019156900000000121e+01 8.267652999999999253e+00
1.218021000000000000e+06 1.671358089999999947e+02 -1.616930400000000034e+01 8.298522999999999428e+00
1.232210000000000000e+06 1.682789539999999988e+02 -1.947959099999999921e+01 7.786913000000000196e+00
1.287242000000000000e+06 1.663871760000000108e+02 -1.339727099999999993e+01 7.722273000000000387e+00
1.280717000000000000e+06 1.689095660000000123e+02 -2.066585900000000109e+01 7.602311000000000263e+00
1.226886000000000000e+06 1.679919659999999908e+02 -1.887089699999999937e+01 7.717137000000000135e+00
1.441089000000000000e+06 1.683066440000000057e+02 -1.914044399999999868e+01 8.199730999999999881e+00
1.258309000000000000e+06 1.677012970000000109e+02 -1.810970400000000069e+01 7.509409999999999918e+00
1.411712000000000000e+06 1.660922600000000102e+02 -1.192778999999999989e+01 7.926541000000000281e+00
1.217315000000000000e+06 1.692408169999999927e+02 -2.127317700000000045e+01 7.164520000000000444e+00
1.335081000000000000e+06 1.691594519999999875e+02 -2.067687199999999947e+01 8.284473000000000198e+00
1.322456000000000000e+06 1.684599660000000085e+02 -1.980559600000000131e+01 7.792606000000000144e+00
1.213637000000000000e+06 1.660270690000000116e+02 -1.169120200000000054e+01 8.212744000000000710e+00
1.456727000000000000e+06 1.681434639999999945e+02 -1.878446599999999833e+01 8.259510000000000574e+00
1.230805000000000000e+06 1.680872929999999883e+02 -1.885400500000000079e+01 8.135714999999999364e+00
1.535646000000000000e+06 1.702627819999999872e+02 -2.221395000000000053e+01 7.868494000000000099e+00
1.322757000000000000e+06 1.663370360000000119e+02 -1.347400299999999973e+01 7.530818000000000012e+00
1.209083000000000000e+06 1.694948210000000017e+02 -2.161418700000000115e+01 7.275350000000000428e+00
1.226635000000000000e+06 1.694191280000000006e+02 -2.151552300000000173e+01 7.324596999999999802e+00
1.219731000000000000e+06 1.701543660000000102e+02 -2.231965699999999941e+01 7.113280999999999743e+00
1.318128000000000000e+06 1.688429570000000126e+02 -2.066607700000000136e+01 7.166749000000000258e+00
1.203983000000000000e+06 1.651215229999999963e+02 -1.084048400000000001e+01 7.202687000000000062e+00
1.205842000000000000e+06 1.682850779999999986e+02 -1.896731199999999973e+01 8.163304999999999367e+00
1.227118000000000000e+06 1.704414130000000114e+02 -2.248041900000000126e+01 7.206548999999999872e+00
1.236067000000000000e+06 1.667250249999999880e+02 -1.429034000000000049e+01 8.186623000000000872e+00
1.288935000000000000e+06 1.714672640000000001e+02 -2.283781499999999909e+01 7.456827999999999790e+00
1.488061000000000000e+06 1.693330860000000087e+02 -2.082575999999999894e+01 8.621299000000000490e+00
1.283128000000000000e+06 1.667830849999999998e+02 -1.610705099999999845e+01 7.466205999999999676e+00
1.259539000000000000e+06 1.664876859999999965e+02 -1.342905400000000071e+01 8.270758000000000720e+00
1.581494000000000000e+06 1.678239120000000071e+02 -1.777845399999999998e+01 8.310696000000000083e+00
1.272258000000000000e+06 1.665061860000000138e+02 -1.322255499999999984e+01 8.278138999999999470e+00
1.283011000000000000e+06 1.663555509999999913e+02 -1.339798700000000053e+01 7.781045999999999907e+00
1.210149000000000000e+06 1.700699250000000120e+02 -2.219114400000000131e+01 7.363912000000000013e+00
1.219261000000000000e+06 1.676611739999999884e+02 -1.715469300000000175e+01 8.466606999999999772e+00
1.250005000000000000e+06 1.668566830000000039e+02 -1.614683000000000135e+01 7.734547000000000061e+00
1.246805000000000000e+06 1.685111929999999916e+02 -2.010655600000000121e+01 7.001447999999999894e+00
1.213367000000000000e+06 1.665412910000000011e+02 -1.335088099999999933e+01 8.286913999999999447e+00
1.293337000000000000e+06 1.666997859999999889e+02 -1.519137800000000027e+01 8.017137999999999209e+00
1.206782000000000000e+06 1.692765129999999942e+02 -2.133065799999999967e+01 7.180808999999999997e+00
1.314442000000000000e+06 1.660500959999999964e+02 -1.209962299999999935e+01 7.449046000000000056e+00
1.301777000000000000e+06 1.663293520000000001e+02 -1.365860299999999938e+01 7.602966999999999587e+00
1.222834000000000000e+06 1.684618869999999902e+02 -1.991219900000000109e+01 7.411829000000000001e+00
1.235832000000000000e+06 1.703899910000000091e+02 -2.243206899999999848e+01 7.453336000000000183e+00
1.397721000000000000e+06 1.697378060000000062e+02 -2.175818699999999950e+01 7.824968000000000146e+00
1.284075000000000000e+06 1.679694049999999947e+02 -1.884405200000000136e+01 7.299428999999999945e+00
1.262616000000000000e+06 1.663856900000000110e+02 -1.267691800000000057e+01 7.749157000000000295e+00
1.216168000000000000e+06 1.661827470000000062e+02 -1.209318400000000082e+01 8.131479999999999819e+00
1.287413000000000000e+06 1.666202470000000062e+02 -1.557427400000000084e+01 7.264278000000000013e+00
1.265082000000000000e+06 1.666179720000000088e+02 -1.514065800000000017e+01 7.625626999999999711e+00
1.284765000000000000e+06 1.662799080000000060e+02 -1.344499300000000019e+01 7.076724999999999710e+00
1.326718000000000000e+06 1.672328349999999944e+02 -1.616292699999999982e+01 8.554259000000000057e+00
1.216584000000000000e+06 1.679140199999999936e+02 -1.875178100000000114e+01 7.413973000000000368e+00
1.219341000000000000e+06 1.681503099999999904e+02 -1.894055000000000177e+01 7.993882000000000154e+00
1.309763000000000000e+06 1.661105909999999994e+02 -1.230351699999999937e+01 7.718818999999999875e+00
1.334511000000000000e+06 1.672347609999999918e+02 -1.707622699999999938e+01 7.241274999999999906e+00
1.214167000000000000e+06 1.701258819999999901e+02 -2.204558099999999854e+01 8.091644000000000503e+00
1.387482000000000000e+06 1.666012110000000064e+02 -1.425519399999999948e+01 7.891066999999999609e+00
1.205105000000000000e+06 1.660427850000000092e+02 -1.165790299999999924e+01 8.410275000000000389e+00
1.279984000000000000e+06 1.665141810000000078e+02 -1.265599300000000049e+01 7.145551000000000208e+00
1.224402000000000000e+06 1.660759960000000035e+02 -1.208687100000000036e+01 7.570375000000000298e+00
1.282892000000000000e+06 1.661251379999999926e+02 -1.215954400000000035e+01 7.032530999999999644e+00
1.284155000000000000e+06 1.677821230000000128e+02 -1.833943400000000068e+01 7.511340999999999823e+00
1.459143000000000000e+06 1.663688830000000110e+02 -1.305569500000000005e+01 7.952271999999999785e+00
1.211780000000000000e+06 1.668255369999999971e+02 -1.621535700000000091e+01 7.044247000000000369e+00
1.309077000000000000e+06 1.664666970000000106e+02 -1.340921299999999938e+01 8.212367000000000417e+00
1.259271000000000000e+06 1.662468499999999949e+02 -1.235598700000000072e+01 7.846720999999999613e+00
1.409485000000000000e+06 1.679715359999999862e+02 -1.801951000000000036e+01 8.568647000000000347e+00
1.237632000000000000e+06 1.696286499999999933e+02 -2.175153399999999948e+01 7.251020999999999717e+00
1.266194000000000000e+06 1.690780340000000024e+02 -2.064364899999999992e+01 8.095947999999999922e+00
1.245371000000000000e+06 1.664223250000000007e+02 -1.365069199999999938e+01 8.026502999999999943e+00
1.250084000000000000e+06 1.693422319999999957e+02 -2.143538399999999911e+01 7.126482000000000205e+00
1.305718000000000000e+06 1.673811819999999955e+02 -1.702638800000000074e+01 8.077683000000000391e+00
1.343000000000000000e+06 1.681863969999999995e+02 -1.924418700000000015e+01 7.917218000000000089e+00
1.335408000000000000e+06 1.661297309999999925e+02 -1.207140899999999917e+01 7.984740000000000393e+00
1.389901000000000000e+06 1.672440510000000131e+02 -1.682154200000000088e+01 7.975732999999999961e+00
1.338146000000000000e+06 1.681184509999999932e+02 -1.925874900000000167e+01 7.345991999999999855e+00
1.265925000000000000e+06 1.672596829999999954e+02 -1.698268900000000059e+01 7.213188999999999851e+00
1.236167000000000000e+06 1.685685110000000009e+02 -1.999787600000000154e+01 7.619583999999999691e+00
1.226690000000000000e+06 1.700579370000000097e+02 -2.221559200000000089e+01 7.261810999999999794e+00
1.579768000000000000e+06 1.661678960000000131e+02 -1.205591899999999939e+01 8.354848999999999748e+00
1.205358000000000000e+06 1.693890220000000113e+02 -2.150126399999999904e+01 7.072719000000000200e+00
1.208616000000000000e+06 1.660453369999999893e+02 -1.226703299999999963e+01 7.411870999999999654e+00
1.333728000000000000e+06 1.703901789999999892e+02 -2.245516699999999943e+01 7.255926999999999794e+00
1.334238000000000000e+06 1.684556139999999971e+02 -1.950075400000000059e+01 8.153128000000000597e+00
1.243390000000000000e+06 1.679007760000000076e+02 -1.782892500000000169e+01 8.540722000000000591e+00
1.306672000000000000e+06 1.659330779999999947e+02 -1.152697500000000019e+01 8.349928000000000239e+00
1.236839000000000000e+06 1.714177099999999996e+02 -2.238354899999999859e+01 8.609519000000000588e+00
1.411612000000000000e+06 1.672424809999999979e+02 -1.622860000000000014e+01 8.526445000000000718e+00
1.297101000000000000e+06 1.688047550000000001e+02 -2.042017999999999844e+01 7.469409999999999883e+00
1.332790000000000000e+06 1.661730310000000088e+02 -1.277288399999999946e+01 7.428850999999999871e+00
1.340296000000000000e+06 1.695350730000000112e+02 -2.131828399999999846e+01 7.938336999999999755e+00
1.261559000000000000e+06 1.662586839999999881e+02 -1.339482199999999956e+01 7.257316999999999574e+00
1.292988000000000000e+06 1.709997620000000040e+02 -2.216826500000000166e+01 7.199459000000000053e+00
1.265692000000000000e+06 1.680824489999999969e+02 -1.864814399999999850e+01 8.322392000000000678e+00
1.296750000000000000e+06 1.677123530000000073e+02 -1.774549100000000124e+01 8.233656999999999115e+00
1.314542000000000000e+06 1.695119420000000048e+02 -2.150809900000000141e+01 7.755639000000000394e+00
1.235619000000000000e+06 1.679392359999999940e+02 -1.801301899999999989e+01 8.561709000000000458e+00
1.273568000000000000e+06 1.672072750000000099e+02 -1.697698300000000060e+01 7.348958999999999797e+00
1.369957000000000000e+06 1.687737559999999917e+02 -2.042625100000000060e+01 7.353595000000000326e+00
1.258388000000000000e+06 1.702157559999999989e+02 -2.221030800000000127e+01 7.782858000000000054e+00
1.240167000000000000e+06 1.662875659999999982e+02 -1.351543500000000009e+01 7.204766000000000226e+00
1.299836000000000000e+06 1.675460789999999918e+02 -1.754847699999999833e+01 7.507172999999999874e+00
1.230127000000000000e+06 1.651087109999999996e+02 -1.085884000000000071e+01 7.072098000000000440e+00
1.276213000000000000e+06 1.685940479999999866e+02 -2.001463199999999887e+01 7.841342000000000034e+00
1.212457000000000000e+06 1.685113810000000001e+02 -1.934398099999999943e+01 8.613523000000000707e+00
1.247597000000000000e+06 1.672258370000000127e+02 -1.689856800000000092e+01 7.914805999999999564e+00
1.332488000000000000e+06 1.704602930000000072e+02 -2.231545300000000154e+01 7.928854000000000291e+00
1.259578000000000000e+06 1.663204880000000117e+02 -1.203599900000000034e+01 7.481275000000000119e+00
1.294969000000000000e+06 1.724404470000000060e+02 -2.288578700000000055e+01 7.460715000000000430e+00
1.415740000000000000e+06 1.694851669999999899e+02 -2.149418100000000109e+01 7.703153999999999613e+00
1.261540000000000000e+06 1.674581719999999905e+02 -1.722512299999999996e+01 7.802722000000000158e+00
1.252627000000000000e+06 1.660680979999999920e+02 -1.213320000000000043e+01 7.499818999999999569e+00
1.204005000000000000e+06 1.664455440000000124e+02 -1.421511600000000008e+01 7.173747999999999791e+00
1.256802000000000000e+06 1.695648649999999975e+02 -2.171218999999999966e+01 7.080410999999999788e+00
1.284778000000000000e+06 1.686845230000000129e+02 -2.032848999999999862e+01 7.475215000000000387e+00
1.368832000000000000e+06 1.664870650000000012e+02 -1.317857599999999962e+01 8.493807999999999581e+00
1.234109000000000000e+06 1.677510809999999992e+02 -1.821376599999999968e+01 7.769798999999999900e+00
1.217484000000000000e+06 1.666483729999999923e+02 -1.313615099999999991e+01 7.362180000000000391e+00
1.316967000000000000e+06 1.668670260000000098e+02 -1.613310900000000103e+01 7.677240000000000286e+00
1.265182000000000000e+06 1.703626629999999977e+02 -2.243168500000000165e+01 7.159392999999999674e+00
1.215861000000000000e+06 1.688560190000000034e+02 -2.049685799999999958e+01 7.749305999999999806e+00
1.206969000000000000e+06 1.723841909999999871e+02 -2.266902299999999926e+01 8.172371999999999304e+00
1.234525000000000000e+06 1.700511160000000075e+02 -2.186138300000000001e+01 8.226884000000000086e+00
1.421742000000000000e+06 1.672808339999999987e+02 -1.642431799999999953e+01 8.237465000000000259e+00
1.273367000000000000e+06 1.702588369999999998e+02 -2.202912600000000154e+01 8.249131999999999465e+00
1.384965000000000000e+06 1.694516360000000077e+02 -2.143729799999999841e+01 7.806186000000000291e+00
1.438865000000000000e+06 1.675886969999999963e+02 -1.783961800000000153e+01 7.829012999999999778e+00
1.241344000000000000e+06 1.692987500000000125e+02 -2.120230799999999860e+01 7.518815000000000026e+00
1.250979000000000000e+06 1.661331429999999898e+02 -1.197138900000000028e+01 8.033922000000000452e+00
1.257537000000000000e+06 1.660795870000000036e+02 -1.193459400000000059e+01 7.887838000000000349e+00
1.351915000000000000e+06 1.710275379999999927e+02 -2.266065400000000096e+01 7.558705999999999925e+00
1.225330000000000000e+06 1.661275850000000105e+02 -1.218537599999999976e+01 7.652643000000000306e+00
1.364799000000000000e+06 1.698674959999999885e+02 -2.149229300000000009e+01 8.530181000000000680e+00
1.400103000000000000e+06 1.683445240000000069e+02 -1.973408299999999826e+01 7.269430999999999976e+00
1.415236000000000000e+06 1.663868630000000053e+02 -1.275109299999999912e+01 8.376538000000000039e+00
1.229995000000000000e+06 1.666864750000000015e+02 -1.479208200000000062e+01 8.045655000000000001e+00
1.404374000000000000e+06 1.656472119999999961e+02 -1.107164000000000037e+01 8.032263999999999626e+00
1.216097000000000000e+06 1.663133139999999912e+02 -1.312933800000000062e+01 7.864253999999999856e+00
1.263887000000000000e+06 1.684682479999999885e+02 -1.984796000000000049e+01 7.435794999999999710e+00
1.215100000000000000e+06 1.683292989999999918e+02 -1.918604799999999955e+01 8.361765999999999366e+00
1.247101000000000000e+06 1.699082840000000090e+02 -2.185118500000000097e+01 8.023379999999999512e+00
1.219821000000000000e+06 1.693915849999999921e+02 -2.142255700000000118e+01 7.339733999999999980e+00
1.220433000000000000e+06 1.687526009999999985e+02 -2.005848500000000101e+01 8.249940000000000495e+00
1.225255000000000000e+06 1.681338330000000099e+02 -1.866016199999999969e+01 8.219457000000000235e+00
1.345493000000000000e+06 1.665105670000000089e+02 -1.347355600000000031e+01 8.250095999999999208e+00
1.549666000000000000e+06 1.695433429999999930e+02 -2.132749700000000104e+01 8.221515999999999380e+00
1.248168000000000000e+06 1.693805010000000095e+02 -2.106838499999999925e+01 8.356723000000000567e+00
1.316286000000000000e+06 1.685180180000000121e+02 -1.936151299999999864e+01 8.589911999999999992e+00
1.241141000000000000e+06 1.705571429999999964e+02 -2.225933600000000112e+01 8.240145999999999304e+00
1.269636000000000000e+06 1.677602080000000058e+02 -1.649341400000000135e+01 7.280772999999999939e+00
1.400042000000000000e+06 1.702961610000000121e+02 -2.214324999999999832e+01 8.069067999999999685e+00
1.398122000000000000e+06 1.702586699999999951e+02 -2.231474000000000046e+01 7.557184000000000346e+00
1.227107000000000000e+06 1.666322690000000080e+02 -1.566125899999999938e+01 7.236958999999999698e+00
1.270461000000000000e+06 1.660735970000000066e+02 -1.191238899999999923e+01 8.246223999999999776e+00
1.214119000000000000e+06 1.677851589999999931e+02 -1.831846499999999978e+01 7.473199000000000147e+00
1.229446000000000000e+06 1.687846069999999941e+02 -1.985707499999999825e+01 8.084680000000000533e+00
1.233908000000000000e+06 1.700862300000000005e+02 -2.218060600000000093e+01 7.458779999999999966e+00
1.206054000000000000e+06 1.673624619999999936e+02 -1.722439800000000076e+01 7.169673000000000407e+00
1.220793000000000000e+06 1.673944659999999942e+02 -1.727908400000000100e+01 7.540822999999999610e+00
1.222719000000000000e+06 1.675470719999999858e+02 -1.790649099999999905e+01 7.079227999999999632e+00
1.256861000000000000e+06 1.677839229999999873e+02 -1.799981299999999962e+01 7.922820999999999891e+00
1.332999000000000000e+06 1.690927819999999997e+02 -2.060639799999999866e+01 8.261696999999999846e+00
1.386068000000000000e+06 1.688869870000000049e+02 -2.011707499999999982e+01 8.517658000000000840e+00
1.240181000000000000e+06 1.699499690000000101e+02 -2.179991199999999907e+01 8.080463999999999203e+00
1.331539000000000000e+06 1.684436320000000080e+02 -1.918705999999999889e+01 8.578426000000000329e+00
1.271229000000000000e+06 1.680683650000000000e+02 -1.826072200000000123e+01 8.590313999999999339e+00
1.249953000000000000e+06 1.681510059999999953e+02 -1.891025799999999890e+01 8.049091000000000662e+00
1.255599000000000000e+06 1.668540910000000110e+02 -1.483819199999999938e+01 8.557308000000000803e+00
1.277480000000000000e+06 1.704146729999999934e+02 -2.241069200000000095e+01 7.359732000000000163e+00
1.284813000000000000e+06 1.665329519999999945e+02 -1.351336799999999982e+01 8.132270999999999361e+00
1.380097000000000000e+06 1.660084970000000055e+02 -1.179046199999999978e+01 7.918001000000000289e+00
1.270783000000000000e+06 1.697923490000000015e+02 -2.153335300000000174e+01 8.123810999999999893e+00
1.239706000000000000e+06 1.678105569999999886e+02 -1.862440899999999999e+01 7.056295000000000428e+00
1.237656000000000000e+06 1.672938069999999868e+02 -1.643044799999999839e+01 8.460039999999999338e+00
1.328409000000000000e+06 1.676027650000000051e+02 -1.750988200000000106e+01 7.857109000000000343e+00
1.287283000000000000e+06 1.691600760000000037e+02 -2.067381800000000069e+01 8.453898999999999830e+00
1.623597000000000000e+06 1.667205040000000054e+02 -1.456147900000000028e+01 8.167051000000000727e+00
1.442881000000000000e+06 1.655754599999999925e+02 -1.104539600000000021e+01 7.961344000000000420e+00
1.220239000000000000e+06 1.665332319999999982e+02 -1.472588099999999933e+01 7.118247000000000213e+00
1.659045000000000000e+06 1.655139120000000048e+02 -1.090899500000000089e+01 8.047368999999999772e+00
1.311788000000000000e+06 1.683150679999999966e+02 -1.960599399999999903e+01 7.469122999999999735e+00
1.474951000000000000e+06 1.680177309999999977e+02 -1.808065099999999958e+01 8.585922000000000054e+00
1.375937000000000000e+06 1.661899150000000134e+02 -1.254854800000000026e+01 7.715021000000000129e+00
1.285660000000000000e+06 1.662560000000000002e+02 -1.227443399999999940e+01 8.370566999999999425e+00
1.305029000000000000e+06 1.702940209999999865e+02 -2.233317999999999870e+01 7.664025999999999783e+00
1.224337000000000000e+06 1.694205900000000042e+02 -2.154039900000000074e+01 7.043040999999999663e+00
1.294466000000000000e+06 1.713866999999999905e+02 -2.254352700000000098e+01 7.661826999999999721e+00
1.202789000000000000e+06 1.662586210000000051e+02 -1.329575099999999921e+01 7.372492000000000267e+00
1.424689000000000000e+06 1.687361549999999966e+02 -2.031862800000000036e+01 7.764213999999999949e+00
1.272902000000000000e+06 1.654643130000000042e+02 -1.087194200000000066e+01 7.994182000000000343e+00
1.203059000000000000e+06 1.671113609999999881e+02 -1.681771200000000022e+01 7.342698999999999643e+00
1.345259000000000000e+06 1.660525930000000017e+02 -1.236324199999999962e+01 7.229752000000000400e+00
1.214142000000000000e+06 1.675935540000000117e+02 -1.698451000000000022e+01 8.525330999999999548e+00
1.411676000000000000e+06 1.700374529999999993e+02 -2.174417599999999950e+01 8.491730999999999696e+00
1.265732000000000000e+06 1.662370259999999860e+02 -1.311512899999999959e+01 7.564871000000000123e+00
1.261952000000000000e+06 1.693494129999999984e+02 -2.132608600000000010e+01 7.641760999999999804e+00
1.296264000000000000e+06 1.691984799999999893e+02 -2.121231500000000025e+01 7.023172999999999888e+00
1.610494000000000000e+06 1.680295270000000016e+02 -1.819189000000000078e+01 8.609885999999999484e+00
1.446355000000000000e+06 1.691777050000000031e+02 -2.089325099999999935e+01 7.968981000000000314e+00
1.292746000000000000e+06 1.703821450000000084e+02 -2.227501699999999829e+01 7.989499999999999602e+00
1.208573000000000000e+06 1.697746740000000045e+02 -2.155056000000000083e+01 8.189690999999999832e+00
1.232685000000000000e+06 1.698722459999999899e+02 -2.203393499999999960e+01 7.111123000000000083e+00
1.207930000000000000e+06 1.694788959999999918e+02 -2.133890299999999840e+01 7.810654000000000430e+00
1.242972000000000000e+06 1.685023270000000082e+02 -1.997397499999999937e+01 7.583808999999999578e+00
1.229561000000000000e+06 1.677015450000000101e+02 -1.832342099999999974e+01 7.293954000000000271e+00
1.257690000000000000e+06 1.701287939999999992e+02 -2.174930399999999864e+01 7.275121999999999645e+00
1.414641000000000000e+06 1.691777400000000000e+02 -2.057952099999999973e+01 8.590915000000000745e+00
1.261740000000000000e+06 1.682552819999999940e+02 -1.946428500000000028e+01 7.550207000000000335e+00
1.408171000000000000e+06 1.676994310000000041e+02 -1.781806100000000015e+01 7.832656000000000063e+00
1.399715000000000000e+06 1.675655370000000062e+02 -1.690855300000000128e+01 8.329314000000000107e+00
1.214412000000000000e+06 1.664494540000000029e+02 -1.430630799999999958e+01 7.224330000000000140e+00
1.334021000000000000e+06 1.700566599999999937e+02 -2.210595100000000102e+01 7.487292000000000058e+00
1.209980000000000000e+06 1.696209829999999954e+02 -2.177265799999999984e+01 7.153330000000000410e+00
1.426052000000000000e+06 1.663042430000000138e+02 -1.238517000000000046e+01 8.204776999999999987e+00
1.296947000000000000e+06 1.666702610000000107e+02 -1.582409299999999952e+01 7.144557999999999964e+00
1.274669000000000000e+06 1.693953730000000064e+02 -2.098506799999999828e+01 8.534649999999999181e+00
1.210893000000000000e+06 1.665636660000000120e+02 -1.471630900000000075e+01 7.395044000000000395e+00
1.245584000000000000e+06 1.701444229999999891e+02 -2.229139999999999944e+01 7.292296000000000333e+00
1.376801000000000000e+06 1.710125030000000095e+02 -2.273322599999999838e+01 7.382068000000000296e+00
1.402871000000000000e+06 1.672784090000000106e+02 -1.638546799999999948e+01 8.412775999999999144e+00
1.300322000000000000e+06 1.682342299999999966e+02 -1.922965999999999909e+01 7.821636999999999951e+00
1.258249000000000000e+06 1.697028709999999876e+02 -2.171747600000000133e+01 7.272408999999999679e+00
1.225909000000000000e+06 1.675453880000000026e+02 -1.764784500000000023e+01 7.422774999999999679e+00
1.222377000000000000e+06 1.696241290000000106e+02 -2.160373999999999839e+01 7.981325000000000003e+00
1.211778000000000000e+06 1.667137669999999900e+02 -1.596483699999999928e+01 7.006247000000000114e+00
1.274179000000000000e+06 1.700985949999999889e+02 -2.218206299999999942e+01 7.572854999999999670e+00
1.415308000000000000e+06 1.672201900000000023e+02 -1.696555700000000044e+01 7.551978000000000080e+00
1.227655000000000000e+06 1.660727589999999907e+02 -1.223535399999999917e+01 7.507024000000000363e+00
1.461433000000000000e+06 1.664922840000000122e+02 -1.312075899999999962e+01 8.420859999999999346e+00
1.258936000000000000e+06 1.662047870000000103e+02 -1.292602100000000043e+01 7.422318999999999889e+00
1.226284000000000000e+06 1.677658999999999878e+02 -1.852093800000000101e+01 7.130217000000000027e+00
1.361084000000000000e+06 1.673307890000000100e+02 -1.720104600000000161e+01 7.598749999999999893e+00
1.336402000000000000e+06 1.699591929999999991e+02 -2.180329000000000050e+01 8.216238999999999848e+00
1.357049000000000000e+06 1.720129909999999995e+02 -2.276153000000000048e+01 8.079729000000000383e+00
1.262864000000000000e+06 1.716740189999999870e+02 -2.278578100000000006e+01 7.530810999999999922e+00
1.299174000000000000e+06 1.682582730000000026e+02 -1.947357900000000086e+01 7.554740999999999929e+00
1.276815000000000000e+06 1.722646049999999889e+02 -2.292376099999999894e+01 7.366694999999999993e+00
1.381683000000000000e+06 1.695245209999999929e+02 -2.154603200000000029e+01 7.513669000000000153e+00
1.213556000000000000e+06 1.696348470000000077e+02 -2.176798099999999891e+01 7.313299999999999912e+00
1.312427000000000000e+06 1.693671160000000100e+02 -2.133422399999999897e+01 7.689499999999999780e+00
1.205515000000000000e+06 1.709031390000000101e+02 -2.267654800000000037e+01 7.520043000000000255e+00
1.261526000000000000e+06 1.684380250000000103e+02 -1.989013299999999873e+01 7.027458000000000204e+00
1.288215000000000000e+06 1.661487129999999866e+02 -1.192064000000000057e+01 8.363848000000000837e+00
1.223759000000000000e+06 1.667454840000000047e+02 -1.551793600000000062e+01 7.656959999999999766e+00
1.275938000000000000e+06 1.698774730000000091e+02 -2.191390600000000077e+01 7.743149999999999977e+00
1.212020000000000000e+06 1.717959730000000036e+02 -2.288537099999999924e+01 7.495274000000000214e+00
1.241064000000000000e+06 1.689560960000000023e+02 -2.077233800000000130e+01 7.405158000000000129e+00
1.264041000000000000e+06 1.665723779999999863e+02 -1.342933999999999983e+01 8.376060999999999979e+00
1.218083000000000000e+06 1.663556389999999965e+02 -1.293647700000000000e+01 8.619592000000000809e+00
1.271374000000000000e+06 1.692942899999999895e+02 -2.116327300000000022e+01 7.895575000000000010e+00
1.292334000000000000e+06 1.664003329999999892e+02 -1.330031600000000047e+01 8.027919000000000693e+00
1.272841000000000000e+06 1.700004380000000026e+02 -2.214679200000000137e+01 7.374821999999999989e+00
1.242487000000000000e+06 1.671769260000000088e+02 -1.691122999999999976e+01 7.492472000000000243e+00
1.245991000000000000e+06 1.694340960000000109e+02 -2.096435900000000174e+01 8.634888000000000119e+00
1.350747000000000000e+06 1.691284259999999904e+02 -2.047028699999999901e+01 8.627366000000000312e+00
1.377608000000000000e+06 1.689476889999999969e+02 -2.041031100000000009e+01 8.140178000000000580e+00
1.811989000000000000e+06 1.698349550000000079e+02 -2.162896100000000033e+01 8.269144000000000716e+00
1.294857000000000000e+06 1.684240330000000085e+02 -1.976155400000000029e+01 7.879406999999999606e+00
1.295480000000000000e+06 1.660529659999999978e+02 -1.237155899999999953e+01 7.201365000000000016e+00
1.349827000000000000e+06 1.711214950000000101e+02 -2.270981799999999851e+01 7.723113999999999812e+00
1.414217000000000000e+06 1.659081150000000093e+02 -1.154911000000000065e+01 8.181241999999999237e+00
1.312761000000000000e+06 1.687692680000000109e+02 -1.993586699999999823e+01 8.333014000000000365e+00
1.365893000000000000e+06 1.691545329999999865e+02 -2.108215300000000170e+01 7.438003000000000142e+00
1.607244000000000000e+06 1.674956229999999948e+02 -1.673886800000000008e+01 8.463886000000000465e+00
1.262823000000000000e+06 1.707429449999999918e+02 -2.246564499999999853e+01 8.004580000000000695e+00
1.470493000000000000e+06 1.661028689999999983e+02 -1.203452500000000036e+01 8.072390999999999650e+00
1.385821000000000000e+06 1.662129810000000134e+02 -1.218532800000000016e+01 8.612225000000000463e+00
1.347560000000000000e+06 1.684131629999999973e+02 -1.980487899999999968e+01 7.669991999999999699e+00
1.441855000000000000e+06 1.665547610000000134e+02 -1.377125700000000030e+01 8.341214000000000794e+00
1.236966000000000000e+06 1.663006970000000138e+02 -1.257094400000000078e+01 8.113678999999999419e+00
1.394630000000000000e+06 1.661243029999999976e+02 -1.206414099999999934e+01 8.160043999999999187e+00
1.313418000000000000e+06 1.695444090000000017e+02 -2.115758200000000144e+01 8.480299999999999727e+00
1.210934000000000000e+06 1.662744240000000104e+02 -1.343785699999999927e+01 7.213170999999999999e+00
1.206977000000000000e+06 1.685235570000000109e+02 -1.989918300000000073e+01 7.698725999999999736e+00
1.359452000000000000e+06 1.675130839999999921e+02 -1.729537300000000144e+01 7.979134000000000171e+00
1.235426000000000000e+06 1.660095670000000041e+02 -1.175267700000000026e+01 8.137384000000000839e+00
1.261931000000000000e+06 1.668420089999999902e+02 -1.509220099999999931e+01 8.429446000000000438e+00
1.451330000000000000e+06 1.661256610000000080e+02 -1.211505299999999963e+01 8.001454000000000732e+00
1.445846000000000000e+06 1.671397939999999949e+02 -1.654886899999999983e+01 7.951245000000000118e+00
1.302786000000000000e+06 1.690476669999999899e+02 -2.099460200000000043e+01 7.146440000000000126e+00
1.235727000000000000e+06 1.709097590000000082e+02 -2.268445900000000037e+01 7.367016999999999705e+00
1.259622000000000000e+06 1.678630310000000065e+02 -1.879873600000000167e+01 7.109296999999999755e+00
1.264668000000000000e+06 1.661383969999999977e+02 -1.243520900000000040e+01 7.525434999999999874e+00
1.255952000000000000e+06 1.675077269999999885e+02 -1.742852900000000105e+01 7.442870000000000097e+00
1.281039000000000000e+06 1.671890569999999911e+02 -1.600412199999999885e+01 8.611822000000000088e+00
1.374666000000000000e+06 1.678283340000000123e+02 -1.845805700000000016e+01 7.823615000000000208e+00
1.358102000000000000e+06 1.676747389999999882e+02 -1.802419599999999988e+01 7.684012000000000064e+00
1.220206000000000000e+06 1.698853959999999859e+02 -2.192873200000000011e+01 7.674788000000000388e+00
1.284172000000000000e+06 1.652627270000000124e+02 -1.087184599999999968e+01 7.305413999999999852e+00
1.336371000000000000e+06 1.689310340000000110e+02 -2.071307900000000046e+01 7.612241000000000035e+00
1.223705000000000000e+06 1.677511700000000019e+02 -1.820664999999999978e+01 7.847218999999999944e+00
1.213039000000000000e+06 1.661818639999999903e+02 -1.284869600000000034e+01 7.649905000000000399e+00
1.295254000000000000e+06 1.673488260000000025e+02 -1.718687800000000010e+01 7.569549999999999557e+00
1.226262000000000000e+06 1.661751160000000027e+02 -1.217566500000000040e+01 8.554878000000000426e+00
1.555747000000000000e+06 1.666705430000000092e+02 -1.394359000000000037e+01 8.222972999999999644e+00
1.257880000000000000e+06 1.712589549999999861e+02 -2.278491700000000009e+01 7.222101000000000326e+00
1.293310000000000000e+06 1.693920640000000049e+02 -2.133726599999999962e+01 7.835088999999999970e+00
1.261603000000000000e+06 1.689543150000000082e+02 -2.040099199999999868e+01 7.987537999999999805e+00
1.353338000000000000e+06 1.679434939999999870e+02 -1.876245899999999978e+01 7.487930000000000419e+00
1.322649000000000000e+06 1.703826359999999909e+02 -2.231994299999999853e+01 7.862942999999999572e+00
1.206331000000000000e+06 1.660472139999999968e+02 -1.226653199999999977e+01 7.298198000000000185e+00
1.380394000000000000e+06 1.695201619999999991e+02 -2.120173399999999830e+01 8.194267999999999219e+00
1.294544000000000000e+06 1.673029610000000105e+02 -1.724311000000000149e+01 7.017190000000000261e+00
1.214239000000000000e+06 1.689871599999999887e+02 -2.050867600000000124e+01 7.996260000000000367e+00
1.212119000000000000e+06 1.703772789999999873e+02 -2.215974599999999839e+01 8.244982000000000255e+00
1.243543000000000000e+06 1.653368680000000097e+02 -1.082572000000000045e+01 7.742179000000000144e+00
1.210542000000000000e+06 1.691519859999999937e+02 -2.066463399999999950e+01 8.458049000000000817e+00
1.331270000000000000e+06 1.699004410000000007e+02 -2.186556300000000164e+01 8.007683000000000106e+00
1.226793000000000000e+06 1.684107429999999965e+02 -1.989820599999999828e+01 7.219266000000000183e+00
1.597204000000000000e+06 1.667690029999999979e+02 -1.497235700000000058e+01 8.184409000000000489e+00
1.327482000000000000e+06 1.692382220000000075e+02 -2.113608299999999929e+01 7.866962000000000010e+00
1.270394000000000000e+06 1.702014269999999954e+02 -2.221506400000000170e+01 7.809928000000000203e+00
1.267392000000000000e+06 1.660322309999999959e+02 -1.210182499999999983e+01 7.472362999999999644e+00
1.321543000000000000e+06 1.653560109999999952e+02 -1.084827600000000025e+01 7.742696999999999719e+00
1.317493000000000000e+06 1.695375280000000089e+02 -2.116968400000000017e+01 8.467983999999999511e+00
1.252134000000000000e+06 1.662792259999999942e+02 -1.339854599999999962e+01 7.491189000000000320e+00
1.312051000000000000e+06 1.678499219999999923e+02 -1.852537500000000037e+01 7.766435000000000421e+00
1.239311000000000000e+06 1.675077349999999967e+02 -1.759821700000000178e+01 7.283538000000000068e+00
1.267173000000000000e+06 1.666804469999999867e+02 -1.575873600000000074e+01 7.322055999999999898e+00
1.271936000000000000e+06 1.662317989999999952e+02 -1.307049600000000034e+01 7.483976000000000184e+00
1.255150000000000000e+06 1.691937330000000088e+02 -2.056224800000000030e+01 8.647741999999999152e+00
1.349711000000000000e+06 1.695390319999999917e+02 -2.147992699999999999e+01 7.964171000000000333e+00
1.419011000000000000e+06 1.692277330000000006e+02 -2.065114399999999861e+01 8.644876999999999256e+00
1.466059000000000000e+06 1.699364569999999901e+02 -2.178661999999999921e+01 8.087593000000000032e+00
1.270778000000000000e+06 1.665057569999999885e+02 -1.389790499999999973e+01 7.772281000000000439e+00
1.298766000000000000e+06 1.690794390000000078e+02 -2.090684299999999851e+01 7.797919000000000267e+00
1.226919000000000000e+06 1.673864059999999938e+02 -1.717900900000000064e+01 7.814329999999999998e+00
1.389795000000000000e+06 1.662139970000000062e+02 -1.219264399999999959e+01 8.178262999999999394e+00
1.207370000000000000e+06 1.672426309999999887e+02 -1.688599400000000017e+01 8.007614999999999483e+00
1.286448000000000000e+06 1.664281000000000006e+02 -1.407495399999999997e+01 7.418658999999999892e+00
1.228762000000000000e+06 1.666012240000000020e+02 -1.404338399999999965e+01 7.289225000000000065e+00
1.245909000000000000e+06 1.660119469999999922e+02 -1.194404800000000044e+01 7.378027999999999587e+00
1.221322000000000000e+06 1.697639790000000062e+02 -2.135282799999999881e+01 8.619001000000000801e+00
1.307943000000000000e+06 1.685857180000000142e+02 -1.955973699999999837e+01 8.471762999999999266e+00
1.401476000000000000e+06 1.665588140000000124e+02 -1.358413000000000004e+01 8.379080999999999335e+00
1.653244000000000000e+06 1.704190079999999909e+02 -2.225052099999999911e+01 8.038130999999999915e+00
1.375406000000000000e+06 1.726180490000000134e+02 -2.259625700000000137e+01 8.314692000000000860e+00
1.207521000000000000e+06 1.661685669999999959e+02 -1.214223499999999945e+01 8.171606000000000591e+00
1.310712000000000000e+06 1.660468970000000013e+02 -1.192470199999999991e+01 8.216433999999999571e+00
1.429181000000000000e+06 1.709021309999999971e+02 -2.256198300000000145e+01 7.956726999999999883e+00
1.217192000000000000e+06 1.663739789999999914e+02 -1.394363099999999989e+01 7.055835000000000079e+00
1.217117000000000000e+06 1.661349590000000092e+02 -1.269736100000000079e+01 7.415985000000000049e+00
1.223725000000000000e+06 1.679937529999999981e+02 -1.743768499999999833e+01 7.473612000000000144e+00
1.295274000000000000e+06 1.676875430000000051e+02 -1.804199200000000047e+01 7.554132000000000069e+00
1.208138000000000000e+06 1.700517209999999864e+02 -2.219389599999999874e+01 7.345435000000000159e+00
1.211743000000000000e+06 1.662756290000000092e+02 -1.234379099999999951e+01 8.286210999999999771e+00
1.383047000000000000e+06 1.692403109999999913e+02 -2.115672999999999959e+01 7.578041999999999945e+00
1.210868000000000000e+06 1.672990100000000098e+02 -1.708842500000000086e+01 7.350438999999999723e+00
1.270250000000000000e+06 1.678932360000000017e+02 -1.854034499999999852e+01 7.739971999999999852e+00
1.234212000000000000e+06 1.664637859999999989e+02 -1.308913399999999960e+01 8.360799999999999343e+00
1.227437000000000000e+06 1.665212669999999946e+02 -1.455199600000000082e+01 7.594527000000000250e+00
1.307004000000000000e+06 1.704353529999999921e+02 -2.243534400000000062e+01 7.472474000000000061e+00
1.248169000000000000e+06 1.705978350000000034e+02 -2.242003199999999907e+01 7.714891999999999861e+00
1.268343000000000000e+06 1.704012859999999989e+02 -2.240466699999999989e+01 7.663903999999999606e+00
1.224405000000000000e+06 1.660265559999999994e+02 -1.171057200000000087e+01 7.710302999999999685e+00
1.280771000000000000e+06 1.706302359999999965e+02 -2.253247500000000159e+01 7.632374999999999687e+00
1.235113000000000000e+06 1.696453150000000107e+02 -2.180744999999999933e+01 7.104505999999999766e+00
1.283407000000000000e+06 1.666453480000000127e+02 -1.439914800000000028e+01 7.877105000000000246e+00
1.247415000000000000e+06 1.684747690000000091e+02 -1.929075900000000132e+01 8.426921999999999358e+00
1.276974000000000000e+06 1.701413019999999960e+02 -2.203982999999999848e+01 7.815324999999999633e+00
1.230203000000000000e+06 1.661515650000000051e+02 -1.279890999999999934e+01 7.069067999999999685e+00
1.216251000000000000e+06 1.708692220000000077e+02 -2.228361100000000050e+01 8.545738000000000056e+00
1.234721000000000000e+06 1.684973669999999970e+02 -1.959687500000000071e+01 8.239064000000000831e+00
1.488339000000000000e+06 1.676688130000000001e+02 -1.718761699999999948e+01 8.414896999999999849e+00
1.272415000000000000e+06 1.702227289999999869e+02 -2.225695800000000091e+01 7.735686000000000284e+00
1.513038000000000000e+06 1.681362799999999993e+02 -1.908308600000000155e+01 7.917576999999999643e+00
1.237457000000000000e+06 1.660377589999999941e+02 -1.182338799999999956e+01 7.592577999999999605e+00
1.319932000000000000e+06 1.700120009999999979e+02 -2.194496099999999927e+01 7.843055999999999806e+00
1.282328000000000000e+06 1.668498749999999973e+02 -1.415026300000000070e+01 7.240521000000000207e+00
1.356718000000000000e+06 1.699700259999999901e+02 -2.209310199999999824e+01 7.526830999999999605e+00
1.219675000000000000e+06 1.662086229999999887e+02 -1.314012600000000042e+01 7.168021999999999672e+00
1.309212000000000000e+06 1.693327189999999973e+02 -2.091197199999999867e+01 8.387836000000000070e+00
1.392899000000000000e+06 1.686981790000000103e+02 -2.040315500000000171e+01 7.186492000000000324e+00
1.215752000000000000e+06 1.675175380000000018e+02 -1.752015099999999848e+01 7.537372000000000405e+00
1.204244000000000000e+06 1.695050850000000082e+02 -2.155950199999999839e+01 7.254115999999999786e+00
1.344554000000000000e+06 1.665145709999999895e+02 -1.428856200000000065e+01 7.529721000000000330e+00
1.263477000000000000e+06 1.694964860000000044e+02 -2.142317099999999996e+01 8.002573999999999188e+00
1.284541000000000000e+06 1.660919989999999871e+02 -1.241636899999999955e+01 7.597522999999999804e+00
1.238848000000000000e+06 1.660484879999999919e+02 -1.159455299999999944e+01 8.508651000000000408e+00
1.297863000000000000e+06 1.663642580000000066e+02 -1.327359000000000044e+01 7.849056000000000033e+00
1.243524000000000000e+06 1.701172270000000140e+02 -2.230354799999999926e+01 7.008098999999999634e+00
1.410477000000000000e+06 1.688511929999999950e+02 -2.001757599999999826e+01 8.542728000000000321e+00
1.256611000000000000e+06 1.685140560000000107e+02 -1.990415600000000040e+01 7.386637999999999593e+00
1.405742000000000000e+06 1.691047540000000140e+02 -2.051509499999999875e+01 8.489442999999999628e+00
1.228744000000000000e+06 1.661862659999999892e+02 -1.238057099999999977e+01 8.191558999999999813e+00
1.371246000000000000e+06 1.662379170000000101e+02 -1.233403400000000083e+01 8.283125999999999323e+00
1.231800000000000000e+06 1.677234129999999936e+02 -1.842661299999999969e+01 7.036071999999999882e+00
1.262493000000000000e+06 1.663105879999999956e+02 -1.312473899999999993e+01 7.666502000000000372e+00
1.283075000000000000e+06 1.660986719999999934e+02 -1.193635599999999997e+01 8.306974000000000302e+00
1.463254000000000000e+06 1.670991119999999910e+02 -1.580097199999999980e+01 8.543034000000000461e+00
1.496212000000000000e+06 1.679424809999999866e+02 -1.843477999999999994e+01 8.123796000000000461e+00
1.260876000000000000e+06 1.695588079999999991e+02 -2.140973699999999980e+01 8.155563000000000784e+00
1.230537000000000000e+06 1.667248170000000016e+02 -1.600281100000000123e+01 7.151271999999999629e+00
1.256429000000000000e+06 1.680977760000000103e+02 -1.896929099999999835e+01 7.833160999999999596e+00
1.337156000000000000e+06 1.691537189999999953e+02 -2.066995599999999911e+01 8.230499000000000009e+00
1.212797000000000000e+06 1.701594190000000140e+02 -2.231038200000000060e+01 7.003697999999999979e+00
1.259579000000000000e+06 1.663858069999999998e+02 -1.207187399999999933e+01 7.222226000000000035e+00
1.231958000000000000e+06 1.710663649999999905e+02 -2.275014900000000040e+01 7.026060000000000194e+00
1.253626000000000000e+06 1.663720140000000072e+02 -1.262158799999999914e+01 8.399297000000000679e+00
1.410536000000000000e+06 1.663220489999999927e+02 -1.250374899999999911e+01 8.117197000000000884e+00
1.212386000000000000e+06 1.668860479999999882e+02 -1.503215900000000005e+01 8.487265000000000725e+00
1.318678000000000000e+06 1.684295830000000080e+02 -1.939136699999999891e+01 8.400593000000000643e+00
1.458879000000000000e+06 1.682882960000000026e+02 -1.890629099999999951e+01 8.452071999999999363e+00
1.221731000000000000e+06 1.683934020000000089e+02 -1.975318100000000143e+01 7.358172999999999853e+00
1.222096000000000000e+06 1.701632260000000088e+02 -2.231573600000000113e+01 7.041115999999999708e+00
1.291105000000000000e+06 1.687274050000000045e+02 -2.027774300000000096e+01 7.899483000000000033e+00
1.246732000000000000e+06 1.700387929999999983e+02 -2.219996899999999940e+01 7.282848000000000432e+00
1.204260000000000000e+06 1.717241160000000093e+02 -2.282547999999999888e+01 7.679940000000000211e+00
1.204225000000000000e+06 1.664873509999999897e+02 -1.323580499999999915e+01 8.179973000000000383e+00
1.269064000000000000e+06 1.687305320000000108e+02 -2.030161199999999866e+01 7.547879000000000005e+00
