1.212797000000000000e+06 7.003697999999999979e+00
1.204727000000000000e+06 7.005721000000000309e+00
1.211778000000000000e+06 7.006247000000000114e+00
1.208251000000000000e+06 7.014100000000000001e+00
1.274544000000000000e+06 7.019668000000000241e+00
1.222651000000000000e+06 7.021405999999999814e+00
1.223019000000000000e+06 7.021899999999999586e+00
1.211363000000000000e+06 7.027593999999999674e+00
1.217347000000000000e+06 7.031965999999999717e+00
1.229793000000000000e+06 7.037938999999999723e+00
1.211780000000000000e+06 7.044247000000000369e+00
1.222096000000000000e+06 7.041115999999999708e+00
1.212069000000000000e+06 7.045270999999999617e+00
1.218643000000000000e+06 7.046475000000000044e+00
1.213555000000000000e+06 7.050675000000000026e+00
1.214799000000000000e+06 7.054311000000000220e+00
1.216182000000000000e+06 7.058296000000000348e+00
1.217192000000000000e+06 7.055835000000000079e+00
1.215034000000000000e+06 7.060728000000000115e+00
1.215252000000000000e+06 7.063706999999999958e+00
1.219738000000000000e+06 7.068177000000000376e+00
1.205358000000000000e+06 7.072719000000000200e+00
1.230127000000000000e+06 7.072098000000000440e+00
1.208229000000000000e+06 7.079182000000000308e+00
1.222719000000000000e+06 7.079227999999999632e+00
1.222803000000000000e+06 7.081019999999999648e+00
1.235302000000000000e+06 7.084982000000000113e+00
1.220269000000000000e+06 7.089716000000000129e+00
1.221116000000000000e+06 7.089731999999999701e+00
1.220622000000000000e+06 7.096911000000000413e+00
1.256854000000000000e+06 7.095922999999999981e+00
1.235113000000000000e+06 7.104505999999999766e+00
1.211762000000000000e+06 7.106639999999999624e+00
1.220781000000000000e+06 7.106793999999999834e+00
1.219731000000000000e+06 7.113280999999999743e+00
1.224492000000000000e+06 7.113057999999999659e+00
1.215209000000000000e+06 7.117697999999999858e+00
1.220239000000000000e+06 7.118247000000000213e+00
1.209336000000000000e+06 7.123585000000000278e+00
1.210083000000000000e+06 7.120197000000000109e+00
1.208294000000000000e+06 7.127787999999999791e+00
1.250084000000000000e+06 7.126482000000000205e+00
1.221523000000000000e+06 7.130633000000000443e+00
1.226284000000000000e+06 7.130217000000000027e+00
1.218539000000000000e+06 7.140596000000000387e+00
1.285166000000000000e+06 7.143730999999999831e+00
1.217341000000000000e+06 7.149999000000000215e+00
1.206717000000000000e+06 7.151169999999999582e+00
1.209980000000000000e+06 7.153330000000000410e+00
1.223001000000000000e+06 7.157235000000000014e+00
1.217315000000000000e+06 7.164520000000000444e+00
1.206054000000000000e+06 7.169673000000000407e+00
1.215377000000000000e+06 7.165371999999999630e+00
1.204005000000000000e+06 7.173747999999999791e+00
1.204526000000000000e+06 7.171273000000000231e+00
1.217136000000000000e+06 7.175279999999999880e+00
1.206143000000000000e+06 7.184400000000000119e+00
1.206782000000000000e+06 7.180808999999999997e+00
1.257075000000000000e+06 7.188791000000000153e+00
1.268400000000000000e+06 7.185240000000000293e+00
1.213640000000000000e+06 7.190438999999999581e+00
1.262957000000000000e+06 7.191252999999999673e+00
1.213337000000000000e+06 7.198500000000000121e+00
1.292988000000000000e+06 7.199459000000000053e+00
1.203983000000000000e+06 7.202687000000000062e+00
1.240167000000000000e+06 7.204766000000000226e+00
1.220071000000000000e+06 7.207791000000000281e+00
1.210934000000000000e+06 7.213170999999999999e+00
1.238367000000000000e+06 7.211152000000000228e+00
1.204627000000000000e+06 7.215385999999999633e+00
1.206118000000000000e+06 7.215503000000000000e+00
1.214412000000000000e+06 7.224330000000000140e+00
1.250155000000000000e+06 7.223461999999999605e+00
1.240722000000000000e+06 7.227160999999999724e+00
1.209145000000000000e+06 7.230381000000000391e+00
1.218526000000000000e+06 7.231535000000000046e+00
1.227107000000000000e+06 7.236958999999999698e+00
1.282328000000000000e+06 7.240521000000000207e+00
1.216451000000000000e+06 7.249642999999999837e+00
1.204244000000000000e+06 7.254115999999999786e+00
1.240415000000000000e+06 7.258656000000000219e+00
1.251011000000000000e+06 7.258748999999999896e+00
1.226690000000000000e+06 7.261810999999999794e+00
1.255515000000000000e+06 7.262913000000000174e+00
1.206285000000000000e+06 7.267528000000000432e+00
1.235826000000000000e+06 7.265869999999999607e+00
1.227309000000000000e+06 7.273991999999999791e+00
1.209083000000000000e+06 7.275350000000000428e+00
1.224023000000000000e+06 7.279096000000000011e+00
1.239311000000000000e+06 7.283538000000000068e+00
1.246732000000000000e+06 7.282848000000000432e+00
1.204136000000000000e+06 7.286951000000000178e+00
1.228762000000000000e+06 7.289225000000000065e+00
1.221957000000000000e+06 7.294249999999999901e+00
1.229561000000000000e+06 7.293954000000000271e+00
1.206331000000000000e+06 7.298198000000000185e+00
1.225492000000000000e+06 7.296945000000000014e+00
1.247944000000000000e+06 7.303694000000000131e+00
1.252267000000000000e+06 7.300417000000000378e+00
1.214091000000000000e+06 7.308597999999999928e+00
1.239981000000000000e+06 7.309771999999999714e+00
1.213556000000000000e+06 7.313299999999999912e+00
1.210164000000000000e+06 7.317707999999999657e+00
1.250173000000000000e+06 7.317647000000000013e+00
1.214727000000000000e+06 7.321988000000000163e+00
1.226635000000000000e+06 7.324596999999999802e+00
1.287705000000000000e+06 7.327106999999999815e+00
1.293540000000000000e+06 7.327577999999999925e+00
1.225043000000000000e+06 7.331516999999999840e+00
1.258125000000000000e+06 7.331171999999999578e+00
1.219821000000000000e+06 7.339733999999999980e+00
1.226747000000000000e+06 7.338470000000000049e+00
1.203059000000000000e+06 7.342698999999999643e+00
1.240977000000000000e+06 7.340145999999999837e+00
1.208138000000000000e+06 7.345435000000000159e+00
1.223120000000000000e+06 7.347879999999999967e+00
1.210868000000000000e+06 7.350438999999999723e+00
1.221731000000000000e+06 7.358172999999999853e+00
1.260410000000000000e+06 7.357206999999999830e+00
1.208667000000000000e+06 7.360782000000000380e+00
1.210149000000000000e+06 7.363912000000000013e+00
1.215799000000000000e+06 7.367550999999999739e+00
1.202789000000000000e+06 7.372492000000000267e+00
1.245909000000000000e+06 7.378027999999999587e+00
1.281665000000000000e+06 7.376145000000000174e+00
1.206510000000000000e+06 7.384403999999999968e+00
1.215235000000000000e+06 7.383613000000000426e+00
1.216286000000000000e+06 7.386212000000000444e+00
1.220257000000000000e+06 7.387793000000000276e+00
1.232805000000000000e+06 7.393254999999999910e+00
1.210893000000000000e+06 7.395044000000000395e+00
1.212966000000000000e+06 7.395665000000000155e+00
1.233590000000000000e+06 7.400612999999999886e+00
1.237372000000000000e+06 7.402960000000000207e+00
1.233205000000000000e+06 7.408738999999999741e+00
1.204785000000000000e+06 7.414943000000000062e+00
1.208616000000000000e+06 7.411870999999999654e+00
1.214782000000000000e+06 7.417858999999999980e+00
1.217117000000000000e+06 7.415985000000000049e+00
1.225909000000000000e+06 7.422774999999999679e+00
1.258936000000000000e+06 7.422318999999999889e+00
1.215590000000000000e+06 7.426549999999999763e+00
1.213397000000000000e+06 7.433355999999999852e+00
1.263887000000000000e+06 7.435794999999999710e+00
1.292802000000000000e+06 7.437225999999999893e+00
1.218460000000000000e+06 7.442842999999999876e+00
1.244749000000000000e+06 7.442401000000000266e+00
1.206657000000000000e+06 7.446034000000000042e+00
1.295042000000000000e+06 7.445217000000000418e+00
1.235832000000000000e+06 7.453336000000000183e+00
1.233908000000000000e+06 7.458779999999999966e+00
1.233342000000000000e+06 7.462469999999999715e+00
1.294969000000000000e+06 7.460715000000000430e+00
1.280910000000000000e+06 7.465211000000000041e+00
1.283128000000000000e+06 7.466205999999999676e+00
1.214119000000000000e+06 7.473199000000000147e+00
1.223725000000000000e+06 7.473612000000000144e+00
1.249901000000000000e+06 7.479703999999999908e+00
1.259578000000000000e+06 7.481275000000000119e+00
1.243899000000000000e+06 7.486055999999999599e+00
1.311810000000000000e+06 7.488642999999999716e+00
1.242487000000000000e+06 7.492472000000000243e+00
1.212020000000000000e+06 7.495274000000000214e+00
1.252627000000000000e+06 7.499818999999999569e+00
1.239420000000000000e+06 7.500322999999999851e+00
1.278044000000000000e+06 7.501928000000000374e+00
1.205553000000000000e+06 7.507623999999999853e+00
1.227655000000000000e+06 7.507024000000000363e+00
1.284155000000000000e+06 7.511340999999999823e+00
1.241344000000000000e+06 7.518815000000000026e+00
1.269703000000000000e+06 7.518333000000000155e+00
1.205515000000000000e+06 7.520043000000000255e+00
1.264668000000000000e+06 7.525434999999999874e+00
1.344554000000000000e+06 7.529721000000000330e+00
1.262864000000000000e+06 7.530810999999999922e+00
1.287053000000000000e+06 7.533897999999999762e+00
1.215752000000000000e+06 7.537372000000000405e+00
1.219420000000000000e+06 7.543582999999999927e+00
1.220793000000000000e+06 7.540822999999999610e+00
1.261450000000000000e+06 7.545672999999999853e+00
1.261740000000000000e+06 7.550207000000000335e+00
1.295274000000000000e+06 7.554132000000000069e+00
1.297799000000000000e+06 7.556129999999999569e+00
1.351915000000000000e+06 7.558705999999999925e+00
1.236037000000000000e+06 7.561830999999999747e+00
1.253713000000000000e+06 7.566336999999999868e+00
1.271046000000000000e+06 7.565553999999999668e+00
1.224402000000000000e+06 7.570375000000000298e+00
1.265273000000000000e+06 7.571162000000000170e+00
1.215706000000000000e+06 7.575636000000000259e+00
1.218135000000000000e+06 7.576343999999999745e+00
1.217021000000000000e+06 7.583465000000000344e+00
1.231332000000000000e+06 7.580072999999999617e+00
1.208527000000000000e+06 7.587271000000000321e+00
1.216408000000000000e+06 7.591922000000000281e+00
1.227437000000000000e+06 7.594527000000000250e+00
1.208489000000000000e+06 7.596549000000000440e+00
1.284541000000000000e+06 7.597522999999999804e+00
1.211821000000000000e+06 7.603172999999999959e+00
1.280717000000000000e+06 7.602311000000000263e+00
1.248065000000000000e+06 7.605434999999999945e+00
1.218444000000000000e+06 7.613785000000000025e+00
1.220973000000000000e+06 7.612784000000000439e+00
1.236167000000000000e+06 7.619583999999999691e+00
1.209775000000000000e+06 7.622091000000000172e+00
1.221350000000000000e+06 7.626992999999999689e+00
1.233860000000000000e+06 7.629737000000000435e+00
1.280771000000000000e+06 7.632374999999999687e+00
1.284840000000000000e+06 7.634555999999999898e+00
1.210648000000000000e+06 7.635474000000000316e+00
1.227603000000000000e+06 7.636656000000000333e+00
1.261952000000000000e+06 7.641760999999999804e+00
1.213039000000000000e+06 7.649905000000000399e+00
1.239477000000000000e+06 7.647533000000000136e+00
1.210843000000000000e+06 7.652464000000000155e+00
1.225330000000000000e+06 7.652643000000000306e+00
1.223759000000000000e+06 7.656959999999999766e+00
1.268343000000000000e+06 7.663903999999999606e+00
1.238040000000000000e+06 7.666119000000000128e+00
1.220206000000000000e+06 7.674788000000000388e+00
1.250950000000000000e+06 7.672352000000000061e+00
1.204248000000000000e+06 7.675950000000000273e+00
1.204260000000000000e+06 7.679940000000000211e+00
1.312427000000000000e+06 7.689499999999999780e+00
1.212030000000000000e+06 7.691244000000000192e+00
1.220812000000000000e+06 7.692065999999999626e+00
1.206977000000000000e+06 7.698725999999999736e+00
1.242820000000000000e+06 7.700116999999999656e+00
1.265485000000000000e+06 7.707405999999999757e+00
1.281275000000000000e+06 7.708092999999999861e+00
1.213889000000000000e+06 7.710407000000000011e+00
1.224405000000000000e+06 7.710302999999999685e+00
1.226886000000000000e+06 7.717137000000000135e+00
1.287242000000000000e+06 7.722273000000000387e+00
1.297154000000000000e+06 7.727583000000000091e+00
1.250005000000000000e+06 7.734547000000000061e+00
1.270250000000000000e+06 7.739971999999999852e+00
1.272415000000000000e+06 7.735686000000000284e+00
1.243543000000000000e+06 7.742179000000000144e+00
1.275938000000000000e+06 7.743149999999999977e+00
1.215861000000000000e+06 7.749305999999999806e+00
1.262616000000000000e+06 7.749157000000000295e+00
1.233493000000000000e+06 7.756958000000000020e+00
1.273172000000000000e+06 7.757723000000000368e+00
1.224080000000000000e+06 7.762036000000000158e+00
1.229365000000000000e+06 7.760511000000000159e+00
1.207591000000000000e+06 7.768800999999999846e+00
1.229442000000000000e+06 7.765679999999999694e+00
1.232802000000000000e+06 7.770188000000000095e+00
1.267411000000000000e+06 7.774426000000000059e+00
1.211096000000000000e+06 7.781855000000000189e+00
1.225121000000000000e+06 7.784672999999999732e+00
1.298766000000000000e+06 7.797919000000000267e+00
1.261540000000000000e+06 7.802722000000000158e+00
1.322682000000000000e+06 7.803300000000000125e+00
1.228085000000000000e+06 7.806861999999999746e+00
1.270394000000000000e+06 7.809928000000000203e+00
1.207930000000000000e+06 7.810654000000000430e+00
1.224436000000000000e+06 7.815928999999999682e+00
1.300322000000000000e+06 7.821636999999999951e+00
1.374666000000000000e+06 7.823615000000000208e+00
1.320577000000000000e+06 7.825743000000000116e+00
1.224473000000000000e+06 7.831290000000000084e+00
1.238728000000000000e+06 7.839682999999999957e+00
1.272482000000000000e+06 7.837485000000000035e+00
1.251778000000000000e+06 7.841652999999999984e+00
1.213407000000000000e+06 7.849782000000000259e+00
1.223705000000000000e+06 7.847218999999999944e+00
1.441124000000000000e+06 7.851939999999999920e+00
1.216842000000000000e+06 7.857855999999999952e+00
1.216097000000000000e+06 7.864253999999999856e+00
1.304470000000000000e+06 7.860561999999999827e+00
1.203835000000000000e+06 7.869360000000000355e+00
1.220599000000000000e+06 7.865762000000000143e+00
1.283407000000000000e+06 7.877105000000000246e+00
1.212216000000000000e+06 7.881489000000000189e+00
1.252966000000000000e+06 7.881992000000000331e+00
1.257537000000000000e+06 7.887838000000000349e+00
1.271374000000000000e+06 7.895575000000000010e+00
1.254041000000000000e+06 7.904796000000000156e+00
1.305163000000000000e+06 7.905234000000000094e+00
1.247597000000000000e+06 7.914805999999999564e+00
1.252371000000000000e+06 7.910817999999999905e+00
1.343000000000000000e+06 7.917218000000000089e+00
1.256861000000000000e+06 7.922820999999999891e+00
1.222457000000000000e+06 7.925677999999999557e+00
1.332488000000000000e+06 7.928854000000000291e+00
1.222921000000000000e+06 7.935781000000000418e+00
1.244198000000000000e+06 7.947944999999999816e+00
1.245467000000000000e+06 7.954710999999999643e+00
1.327908000000000000e+06 7.954621999999999638e+00
1.233172000000000000e+06 7.959348999999999563e+00
1.349711000000000000e+06 7.964171000000000333e+00
1.266263000000000000e+06 7.966880999999999879e+00
1.287375000000000000e+06 7.967082999999999693e+00
1.203288000000000000e+06 7.971307000000000365e+00
1.338441000000000000e+06 7.975946000000000424e+00
1.359452000000000000e+06 7.979134000000000171e+00
1.203700000000000000e+06 7.981630000000000003e+00
1.222377000000000000e+06 7.981325000000000003e+00
1.204502000000000000e+06 7.985383999999999816e+00
1.261603000000000000e+06 7.987537999999999805e+00
1.219341000000000000e+06 7.993882000000000154e+00
1.272902000000000000e+06 7.994182000000000343e+00
1.204831000000000000e+06 7.998783000000000420e+00
1.214239000000000000e+06 7.996260000000000367e+00
1.251829000000000000e+06 8.001345999999999847e+00
1.262823000000000000e+06 8.004580000000000695e+00
1.207370000000000000e+06 8.007614999999999483e+00
1.232736000000000000e+06 8.005931000000000353e+00
1.205403000000000000e+06 8.014663999999999788e+00
1.342335000000000000e+06 8.014965000000000117e+00
1.275658000000000000e+06 8.019019999999999371e+00
1.245371000000000000e+06 8.026502999999999943e+00
1.250979000000000000e+06 8.033922000000000452e+00
1.278461000000000000e+06 8.033096999999999710e+00
1.227368000000000000e+06 8.044978999999999658e+00
1.242862000000000000e+06 8.043756999999999380e+00
1.229995000000000000e+06 8.045655000000000001e+00
1.255712000000000000e+06 8.054164000000000101e+00
1.313026000000000000e+06 8.052576000000000178e+00
1.233410000000000000e+06 8.056300000000000239e+00
1.245179000000000000e+06 8.057904000000000622e+00
1.207326000000000000e+06 8.060173000000000698e+00
1.310545000000000000e+06 8.065701999999999927e+00
1.399906000000000000e+06 8.067119999999999180e+00
1.314572000000000000e+06 8.071089000000000624e+00
1.237829000000000000e+06 8.075433999999999557e+00
1.229446000000000000e+06 8.084680000000000533e+00
1.240181000000000000e+06 8.080463999999999203e+00
1.274314000000000000e+06 8.087021999999999267e+00
1.284947000000000000e+06 8.088141000000000247e+00
1.214167000000000000e+06 8.091644000000000503e+00
1.203740000000000000e+06 8.100251000000000090e+00
1.229737000000000000e+06 8.102508999999999517e+00
1.206226000000000000e+06 8.113507999999999498e+00
1.236966000000000000e+06 8.113678999999999419e+00
1.410536000000000000e+06 8.117197000000000884e+00
1.270783000000000000e+06 8.123810999999999893e+00
1.352679000000000000e+06 8.122006000000000725e+00
1.216168000000000000e+06 8.131479999999999819e+00
1.284813000000000000e+06 8.132270999999999361e+00
1.230805000000000000e+06 8.135714999999999364e+00
1.336608000000000000e+06 8.144652999999999921e+00
1.324069000000000000e+06 8.152077000000000240e+00
1.242085000000000000e+06 8.155957000000000789e+00
1.205842000000000000e+06 8.163304999999999367e+00
1.288107000000000000e+06 8.164742999999999640e+00
1.211001000000000000e+06 8.169774000000000314e+00
1.206969000000000000e+06 8.172371999999999304e+00
1.207521000000000000e+06 8.171606000000000591e+00
1.204225000000000000e+06 8.179973000000000383e+00
1.215194000000000000e+06 8.175364999999999327e+00
1.414217000000000000e+06 8.181241999999999237e+00
1.208573000000000000e+06 8.189690999999999832e+00
1.228744000000000000e+06 8.191558999999999813e+00
1.263725000000000000e+06 8.190165000000000362e+00
1.256739000000000000e+06 8.196853000000000833e+00
1.303471000000000000e+06 8.195639999999999148e+00
1.272662000000000000e+06 8.201171000000000433e+00
1.296233000000000000e+06 8.202723999999999904e+00
1.257194000000000000e+06 8.205178000000000083e+00
1.213637000000000000e+06 8.212744000000000710e+00
1.225255000000000000e+06 8.219457000000000235e+00
1.265874000000000000e+06 8.218324000000000851e+00
1.234525000000000000e+06 8.226884000000000086e+00
1.282431000000000000e+06 8.229089000000000098e+00
1.209655000000000000e+06 8.230138000000000176e+00
1.296750000000000000e+06 8.233656999999999115e+00
1.234721000000000000e+06 8.239064000000000831e+00
1.330573000000000000e+06 8.236846999999999142e+00
1.212119000000000000e+06 8.244982000000000255e+00
1.241141000000000000e+06 8.240145999999999304e+00
1.220433000000000000e+06 8.249940000000000495e+00
1.262869000000000000e+06 8.245091000000000392e+00
1.284512000000000000e+06 8.251079999999999970e+00
1.238465000000000000e+06 8.256453000000000486e+00
1.288959000000000000e+06 8.264262999999999693e+00
1.283680000000000000e+06 8.267652999999999253e+00
1.323638000000000000e+06 8.265634000000000370e+00
1.238454000000000000e+06 8.271447999999999467e+00
1.259539000000000000e+06 8.270758000000000720e+00
1.272258000000000000e+06 8.278138999999999470e+00
1.301128000000000000e+06 8.277155999999999736e+00
1.246481000000000000e+06 8.281050000000000466e+00
1.250647000000000000e+06 8.281252000000000280e+00
1.211743000000000000e+06 8.286210999999999771e+00
1.213367000000000000e+06 8.286913999999999447e+00
1.206519000000000000e+06 8.293537999999999855e+00
1.218021000000000000e+06 8.298522999999999428e+00
1.269632000000000000e+06 8.297928000000000637e+00
1.302904000000000000e+06 8.303924000000000305e+00
1.313671000000000000e+06 8.301517000000000479e+00
1.218035000000000000e+06 8.307639999999999247e+00
1.283075000000000000e+06 8.306974000000000302e+00
1.358783000000000000e+06 8.314624000000000237e+00
1.375406000000000000e+06 8.314692000000000860e+00
1.300891000000000000e+06 8.318889000000000422e+00
1.334621000000000000e+06 8.315105000000000857e+00
1.205567000000000000e+06 8.323658999999999253e+00
1.248673000000000000e+06 8.323164000000000229e+00
1.244939000000000000e+06 8.329423999999999495e+00
1.252672000000000000e+06 8.326081000000000287e+00
1.312761000000000000e+06 8.333014000000000365e+00
1.360948000000000000e+06 8.330114999999999270e+00
1.228510000000000000e+06 8.335976999999999748e+00
1.243179000000000000e+06 8.335803000000000296e+00
1.220520000000000000e+06 8.344506000000000867e+00
1.233920000000000000e+06 8.348226999999999620e+00
1.273896000000000000e+06 8.353308999999999429e+00
1.315326000000000000e+06 8.351608000000000587e+00
1.222287000000000000e+06 8.358292000000000499e+00
1.248168000000000000e+06 8.356723000000000567e+00
1.215100000000000000e+06 8.361765999999999366e+00
1.234212000000000000e+06 8.360799999999999343e+00
1.230420000000000000e+06 8.365271999999999153e+00
1.268961000000000000e+06 8.369699000000000666e+00
1.285660000000000000e+06 8.370566999999999425e+00
1.311486000000000000e+06 8.370869000000000781e+00
1.264041000000000000e+06 8.376060999999999979e+00
1.358485000000000000e+06 8.378567999999999572e+00
1.243769000000000000e+06 8.380387999999999948e+00
1.300014000000000000e+06 8.380881999999999721e+00
1.272538000000000000e+06 8.388859000000000066e+00
1.244920000000000000e+06 8.391975999999999658e+00
1.246499000000000000e+06 8.391821999999999449e+00
1.253626000000000000e+06 8.399297000000000679e+00
1.322506000000000000e+06 8.399452999999999392e+00
1.231600000000000000e+06 8.401837000000000444e+00
1.318678000000000000e+06 8.400593000000000643e+00
1.271058000000000000e+06 8.406423000000000201e+00
1.404554000000000000e+06 8.409997000000000611e+00
1.205105000000000000e+06 8.410275000000000389e+00
1.212948000000000000e+06 8.410515000000000185e+00
1.260182000000000000e+06 8.422857999999999734e+00
1.239900000000000000e+06 8.426766000000000645e+00
1.247415000000000000e+06 8.426921999999999358e+00
1.218935000000000000e+06 8.438045999999999935e+00
1.345880000000000000e+06 8.443028999999999229e+00
1.295644000000000000e+06 8.446111999999999398e+00
1.287283000000000000e+06 8.453898999999999830e+00
1.294465000000000000e+06 8.454534000000000660e+00
1.210542000000000000e+06 8.458049000000000817e+00
1.237656000000000000e+06 8.460039999999999338e+00
1.219261000000000000e+06 8.466606999999999772e+00
1.317493000000000000e+06 8.467983999999999511e+00
1.307943000000000000e+06 8.471762999999999266e+00
1.348481000000000000e+06 8.478910000000000835e+00
1.207408000000000000e+06 8.481640000000000512e+00
1.267960000000000000e+06 8.484977999999999909e+00
1.212386000000000000e+06 8.487265000000000725e+00
1.286093000000000000e+06 8.486271000000000342e+00
1.240270000000000000e+06 8.494376000000000815e+00
1.341410000000000000e+06 8.490437000000000012e+00
1.209503000000000000e+06 8.500709000000000515e+00
1.238848000000000000e+06 8.508651000000000408e+00
1.294740000000000000e+06 8.514647999999999328e+00
1.216594000000000000e+06 8.515157999999999561e+00
1.223633000000000000e+06 8.520440999999999931e+00
1.209449000000000000e+06 8.528245999999999327e+00
1.214142000000000000e+06 8.525330999999999548e+00
1.274669000000000000e+06 8.534649999999999181e+00
1.280097000000000000e+06 8.532828000000000301e+00
1.267064000000000000e+06 8.539621999999999602e+00
1.243390000000000000e+06 8.540722000000000591e+00
1.216251000000000000e+06 8.545738000000000056e+00
1.226262000000000000e+06 8.554878000000000426e+00
1.230618000000000000e+06 8.559787999999999286e+00
1.255599000000000000e+06 8.557308000000000803e+00
1.235619000000000000e+06 8.561709000000000458e+00
1.248472000000000000e+06 8.562328000000000827e+00
1.366836000000000000e+06 8.574714999999999421e+00
1.403883000000000000e+06 8.583436000000000732e+00
1.259284000000000000e+06 8.588333000000000439e+00
1.271229000000000000e+06 8.590313999999999339e+00
1.236839000000000000e+06 8.609519000000000588e+00
1.212457000000000000e+06 8.613523000000000707e+00
1.259039000000000000e+06 8.614489999999999981e+00
1.218083000000000000e+06 8.619592000000000809e+00
1.221322000000000000e+06 8.619001000000000801e+00
1.488061000000000000e+06 8.621299000000000490e+00
1.350747000000000000e+06 8.627366000000000312e+00
1.245991000000000000e+06 8.634888000000000119e+00
1.203229000000000000e+06 8.639200000000000657e+00
1.255150000000000000e+06 8.647741999999999152e+00
1.272519000000000000e+06 8.648452000000000695e+00
1.312885000000000000e+06 8.676546000000000092e+00
