1.246805000000000000e+06 7.001447999999999894e+00
1.212797000000000000e+06 7.003697999999999979e+00
1.241230000000000000e+06 7.004817000000000071e+00
1.204727000000000000e+06 7.005721000000000309e+00
1.211778000000000000e+06 7.006247000000000114e+00
1.243524000000000000e+06 7.008098999999999634e+00
1.244594000000000000e+06 7.007711999999999719e+00
1.227818000000000000e+06 7.011982999999999855e+00
1.208251000000000000e+06 7.014100000000000001e+00
1.294544000000000000e+06 7.017190000000000261e+00
1.274544000000000000e+06 7.019668000000000241e+00
1.321645000000000000e+06 7.019274000000000235e+00
1.222651000000000000e+06 7.021405999999999814e+00
1.223019000000000000e+06 7.021899999999999586e+00
1.296264000000000000e+06 7.023172999999999888e+00
1.231958000000000000e+06 7.026060000000000194e+00
1.261526000000000000e+06 7.027458000000000204e+00
1.211363000000000000e+06 7.027593999999999674e+00
1.217347000000000000e+06 7.031965999999999717e+00
1.259543000000000000e+06 7.033923999999999843e+00
1.282892000000000000e+06 7.032530999999999644e+00
1.231800000000000000e+06 7.036071999999999882e+00
1.280813000000000000e+06 7.035444000000000031e+00
1.229793000000000000e+06 7.037938999999999723e+00
1.222096000000000000e+06 7.041115999999999708e+00
1.227130000000000000e+06 7.041301999999999950e+00
1.211780000000000000e+06 7.044247000000000369e+00
1.224337000000000000e+06 7.043040999999999663e+00
1.212069000000000000e+06 7.045270999999999617e+00
1.218643000000000000e+06 7.046475000000000044e+00
1.286154000000000000e+06 7.049069000000000251e+00
1.213555000000000000e+06 7.050675000000000026e+00
1.214799000000000000e+06 7.054311000000000220e+00
1.217192000000000000e+06 7.055835000000000079e+00
1.239706000000000000e+06 7.056295000000000428e+00
1.216182000000000000e+06 7.058296000000000348e+00
1.238161000000000000e+06 7.059154000000000373e+00
1.215034000000000000e+06 7.060728000000000115e+00
1.220893000000000000e+06 7.060743000000000436e+00
1.215252000000000000e+06 7.063706999999999958e+00
1.219738000000000000e+06 7.068177000000000376e+00
1.230203000000000000e+06 7.069067999999999685e+00
1.230127000000000000e+06 7.072098000000000440e+00
1.255729000000000000e+06 7.070354000000000028e+00
1.205358000000000000e+06 7.072719000000000200e+00
1.234166000000000000e+06 7.073953000000000380e+00
1.229331000000000000e+06 7.076043999999999556e+00
1.284765000000000000e+06 7.076724999999999710e+00
1.208229000000000000e+06 7.079182000000000308e+00
1.222719000000000000e+06 7.079227999999999632e+00
1.222803000000000000e+06 7.081019999999999648e+00
1.256802000000000000e+06 7.080410999999999788e+00
1.235302000000000000e+06 7.084982000000000113e+00
1.250931000000000000e+06 7.083249000000000350e+00
1.257873000000000000e+06 7.086102000000000345e+00
1.220269000000000000e+06 7.089716000000000129e+00
1.221116000000000000e+06 7.089731999999999701e+00
1.255873000000000000e+06 7.094782000000000366e+00
1.265520000000000000e+06 7.093684999999999796e+00
1.220622000000000000e+06 7.096911000000000413e+00
1.256854000000000000e+06 7.095922999999999981e+00
1.258918000000000000e+06 7.097876000000000296e+00
1.278962000000000000e+06 7.098444999999999894e+00
1.287607000000000000e+06 7.102255999999999680e+00
1.235113000000000000e+06 7.104505999999999766e+00
1.211762000000000000e+06 7.106639999999999624e+00
1.220781000000000000e+06 7.106793999999999834e+00
1.238127000000000000e+06 7.108431000000000388e+00
1.259622000000000000e+06 7.109296999999999755e+00
1.230016000000000000e+06 7.111826999999999899e+00
1.232685000000000000e+06 7.111123000000000083e+00
1.219731000000000000e+06 7.113280999999999743e+00
1.224492000000000000e+06 7.113057999999999659e+00
1.221008000000000000e+06 7.115867999999999860e+00
1.261086000000000000e+06 7.116854000000000013e+00
1.215209000000000000e+06 7.117697999999999858e+00
1.220239000000000000e+06 7.118247000000000213e+00
1.210083000000000000e+06 7.120197000000000109e+00
1.209336000000000000e+06 7.123585000000000278e+00
1.250084000000000000e+06 7.126482000000000205e+00
1.277308000000000000e+06 7.126108999999999583e+00
1.208294000000000000e+06 7.127787999999999791e+00
1.282797000000000000e+06 7.128207999999999878e+00
1.221523000000000000e+06 7.130633000000000443e+00
1.226284000000000000e+06 7.130217000000000027e+00
1.270380000000000000e+06 7.134470999999999563e+00
1.302632000000000000e+06 7.134802999999999784e+00
1.228901000000000000e+06 7.137233000000000160e+00
1.216304000000000000e+06 7.137642999999999738e+00
1.218539000000000000e+06 7.140596000000000387e+00
1.379439000000000000e+06 7.141070000000000029e+00
1.285166000000000000e+06 7.143730999999999831e+00
1.296947000000000000e+06 7.144557999999999964e+00
1.279984000000000000e+06 7.145551000000000208e+00
1.302786000000000000e+06 7.146440000000000126e+00
1.217341000000000000e+06 7.149999000000000215e+00
1.206717000000000000e+06 7.151169999999999582e+00
1.230537000000000000e+06 7.151271999999999629e+00
1.209980000000000000e+06 7.153330000000000410e+00
1.249472000000000000e+06 7.153838999999999615e+00
1.223001000000000000e+06 7.157235000000000014e+00
1.265182000000000000e+06 7.159392999999999674e+00
1.217315000000000000e+06 7.164520000000000444e+00
1.223757000000000000e+06 7.164411000000000307e+00
1.215377000000000000e+06 7.165371999999999630e+00
1.318128000000000000e+06 7.166749000000000258e+00
1.206054000000000000e+06 7.169673000000000407e+00
1.219675000000000000e+06 7.168021999999999672e+00
1.204526000000000000e+06 7.171273000000000231e+00
1.242218000000000000e+06 7.171280000000000321e+00
1.204005000000000000e+06 7.173747999999999791e+00
1.279217000000000000e+06 7.173214999999999897e+00
1.217136000000000000e+06 7.175279999999999880e+00
1.274102000000000000e+06 7.179988999999999955e+00
1.334723000000000000e+06 7.179941000000000351e+00
1.206782000000000000e+06 7.180808999999999997e+00
1.277339000000000000e+06 7.181868999999999836e+00
1.206143000000000000e+06 7.184400000000000119e+00
1.234924000000000000e+06 7.184931999999999874e+00
1.268400000000000000e+06 7.185240000000000293e+00
1.392899000000000000e+06 7.186492000000000324e+00
1.257075000000000000e+06 7.188791000000000153e+00
1.213640000000000000e+06 7.190438999999999581e+00
1.262957000000000000e+06 7.191252999999999673e+00
1.332168000000000000e+06 7.195521000000000278e+00
1.213337000000000000e+06 7.198500000000000121e+00
1.292988000000000000e+06 7.199459000000000053e+00
1.290112000000000000e+06 7.200357999999999592e+00
1.295480000000000000e+06 7.201365000000000016e+00
1.203983000000000000e+06 7.202687000000000062e+00
1.240167000000000000e+06 7.204766000000000226e+00
1.227118000000000000e+06 7.206548999999999872e+00
1.220071000000000000e+06 7.207791000000000281e+00
1.224744000000000000e+06 7.209680999999999784e+00
1.238367000000000000e+06 7.211152000000000228e+00
1.306747000000000000e+06 7.211396999999999835e+00
1.210934000000000000e+06 7.213170999999999999e+00
1.265925000000000000e+06 7.213188999999999851e+00
1.204627000000000000e+06 7.215385999999999633e+00
1.206118000000000000e+06 7.215503000000000000e+00
1.226793000000000000e+06 7.219266000000000183e+00
1.256136000000000000e+06 7.218541000000000096e+00
1.257880000000000000e+06 7.222101000000000326e+00
1.259579000000000000e+06 7.222226000000000035e+00
1.214412000000000000e+06 7.224330000000000140e+00
1.250155000000000000e+06 7.223461999999999605e+00
1.240722000000000000e+06 7.227160999999999724e+00
1.345259000000000000e+06 7.229752000000000400e+00
1.209145000000000000e+06 7.230381000000000391e+00
1.218526000000000000e+06 7.231535000000000046e+00
1.230407000000000000e+06 7.233219000000000065e+00
1.227107000000000000e+06 7.236958999999999698e+00
1.252123000000000000e+06 7.238598999999999783e+00
1.287764000000000000e+06 7.239667999999999992e+00
1.282328000000000000e+06 7.240521000000000207e+00
1.334511000000000000e+06 7.241274999999999906e+00
1.271359000000000000e+06 7.245574000000000403e+00
1.216451000000000000e+06 7.249642999999999837e+00
1.284922000000000000e+06 7.248456000000000010e+00
1.237632000000000000e+06 7.251020999999999717e+00
1.244406000000000000e+06 7.251369999999999649e+00
1.204244000000000000e+06 7.254115999999999786e+00
1.261559000000000000e+06 7.257316999999999574e+00
1.333728000000000000e+06 7.255926999999999794e+00
1.240415000000000000e+06 7.258656000000000219e+00
1.251011000000000000e+06 7.258748999999999896e+00
1.226690000000000000e+06 7.261810999999999794e+00
1.266556000000000000e+06 7.262319999999999887e+00
1.255515000000000000e+06 7.262913000000000174e+00
1.287413000000000000e+06 7.264278000000000013e+00
1.206285000000000000e+06 7.267528000000000432e+00
1.235826000000000000e+06 7.265869999999999607e+00
1.312338000000000000e+06 7.268790000000000084e+00
1.400103000000000000e+06 7.269430999999999976e+00
1.258249000000000000e+06 7.272408999999999679e+00
1.227309000000000000e+06 7.273991999999999791e+00
1.209083000000000000e+06 7.275350000000000428e+00
1.257690000000000000e+06 7.275121999999999645e+00
1.224023000000000000e+06 7.279096000000000011e+00
1.268990000000000000e+06 7.281609999999999694e+00
1.269636000000000000e+06 7.280772999999999939e+00
1.239311000000000000e+06 7.283538000000000068e+00
1.246732000000000000e+06 7.282848000000000432e+00
1.204136000000000000e+06 7.286951000000000178e+00
1.256114000000000000e+06 7.286392000000000202e+00
1.228762000000000000e+06 7.289225000000000065e+00
1.275501000000000000e+06 7.288186999999999749e+00
1.245584000000000000e+06 7.292296000000000333e+00
1.274294000000000000e+06 7.291260000000000296e+00
1.221957000000000000e+06 7.294249999999999901e+00
1.229561000000000000e+06 7.293954000000000271e+00
1.225492000000000000e+06 7.296945000000000014e+00
1.255280000000000000e+06 7.295753999999999628e+00
1.206331000000000000e+06 7.298198000000000185e+00
1.284075000000000000e+06 7.299428999999999945e+00
1.252267000000000000e+06 7.300417000000000378e+00
1.258904000000000000e+06 7.301344000000000278e+00
1.247944000000000000e+06 7.303694000000000131e+00
1.302360000000000000e+06 7.304738000000000397e+00
1.284172000000000000e+06 7.305413999999999852e+00
1.214091000000000000e+06 7.308597999999999928e+00
1.239981000000000000e+06 7.309771999999999714e+00
1.213556000000000000e+06 7.313299999999999912e+00
1.288005000000000000e+06 7.313337999999999894e+00
1.250337000000000000e+06 7.317078999999999667e+00
1.252920000000000000e+06 7.317285000000000039e+00
1.210164000000000000e+06 7.317707999999999657e+00
1.250173000000000000e+06 7.317647000000000013e+00
1.214727000000000000e+06 7.321988000000000163e+00
1.267173000000000000e+06 7.322055999999999898e+00
1.226635000000000000e+06 7.324596999999999802e+00
1.300396000000000000e+06 7.324506000000000405e+00
1.287705000000000000e+06 7.327106999999999815e+00
1.347717000000000000e+06 7.326675999999999966e+00
1.293540000000000000e+06 7.327577999999999925e+00
1.293711000000000000e+06 7.328909999999999592e+00
1.225043000000000000e+06 7.331516999999999840e+00
1.258125000000000000e+06 7.331171999999999578e+00
1.292144000000000000e+06 7.333680000000000199e+00
1.247874000000000000e+06 7.335956000000000365e+00
1.255120000000000000e+06 7.337485000000000035e+00
1.219821000000000000e+06 7.339733999999999980e+00
1.226747000000000000e+06 7.338470000000000049e+00
1.240977000000000000e+06 7.340145999999999837e+00
1.203059000000000000e+06 7.342698999999999643e+00
1.208138000000000000e+06 7.345435000000000159e+00
1.338146000000000000e+06 7.345991999999999855e+00
1.223120000000000000e+06 7.347879999999999967e+00
1.273568000000000000e+06 7.348958999999999797e+00
1.210868000000000000e+06 7.350438999999999723e+00
1.369957000000000000e+06 7.353595000000000326e+00
1.260410000000000000e+06 7.357206999999999830e+00
1.296805000000000000e+06 7.356653999999999805e+00
1.221731000000000000e+06 7.358172999999999853e+00
1.277480000000000000e+06 7.359732000000000163e+00
1.208667000000000000e+06 7.360782000000000380e+00
1.217484000000000000e+06 7.362180000000000391e+00
1.210149000000000000e+06 7.363912000000000013e+00
1.239733000000000000e+06 7.363151000000000224e+00
1.235727000000000000e+06 7.367016999999999705e+00
1.276815000000000000e+06 7.366694999999999993e+00
1.215799000000000000e+06 7.367550999999999739e+00
1.202789000000000000e+06 7.372492000000000267e+00
1.211203000000000000e+06 7.373402999999999707e+00
1.272841000000000000e+06 7.374821999999999989e+00
1.281665000000000000e+06 7.376145000000000174e+00
1.367315000000000000e+06 7.375376000000000154e+00
1.245909000000000000e+06 7.378027999999999587e+00
1.378770000000000000e+06 7.378601999999999883e+00
1.376801000000000000e+06 7.382068000000000296e+00
1.206510000000000000e+06 7.384403999999999968e+00
1.215235000000000000e+06 7.383613000000000426e+00
1.216286000000000000e+06 7.386212000000000444e+00
1.256611000000000000e+06 7.386637999999999593e+00
1.220257000000000000e+06 7.387793000000000276e+00
1.223260000000000000e+06 7.388198000000000043e+00
1.255359000000000000e+06 7.392126000000000197e+00
1.232805000000000000e+06 7.393254999999999910e+00
1.210893000000000000e+06 7.395044000000000395e+00
1.212966000000000000e+06 7.395665000000000155e+00
1.250783000000000000e+06 7.398671000000000220e+00
1.275952000000000000e+06 7.397560999999999609e+00
1.233590000000000000e+06 7.400612999999999886e+00
1.311745000000000000e+06 7.402163999999999966e+00
1.237372000000000000e+06 7.402960000000000207e+00
1.289473000000000000e+06 7.402908000000000044e+00
1.241064000000000000e+06 7.405158000000000129e+00
1.267981000000000000e+06 7.405514000000000152e+00
1.233205000000000000e+06 7.408738999999999741e+00
1.208616000000000000e+06 7.411870999999999654e+00
1.222834000000000000e+06 7.411829000000000001e+00
1.204785000000000000e+06 7.414943000000000062e+00
1.216584000000000000e+06 7.413973000000000368e+00
1.217117000000000000e+06 7.415985000000000049e+00
1.286421000000000000e+06 7.417062999999999739e+00
1.214782000000000000e+06 7.417858999999999980e+00
1.286448000000000000e+06 7.418658999999999892e+00
1.258936000000000000e+06 7.422318999999999889e+00
1.225909000000000000e+06 7.422774999999999679e+00
1.264836000000000000e+06 7.424738999999999756e+00
1.215590000000000000e+06 7.426549999999999763e+00
1.247932000000000000e+06 7.426736000000000004e+00
1.332790000000000000e+06 7.428850999999999871e+00
1.261966000000000000e+06 7.432406000000000290e+00
1.213397000000000000e+06 7.433355999999999852e+00
1.377538000000000000e+06 7.434165000000000134e+00
1.263887000000000000e+06 7.435794999999999710e+00
1.292802000000000000e+06 7.437225999999999893e+00
1.299285000000000000e+06 7.438494000000000383e+00
1.365893000000000000e+06 7.438003000000000142e+00
1.244749000000000000e+06 7.442401000000000266e+00
1.262993000000000000e+06 7.441580000000000084e+00
1.218460000000000000e+06 7.442842999999999876e+00
1.255952000000000000e+06 7.442870000000000097e+00
1.206657000000000000e+06 7.446034000000000042e+00
1.295042000000000000e+06 7.445217000000000418e+00
1.314442000000000000e+06 7.449046000000000056e+00
1.235832000000000000e+06 7.453336000000000183e+00
1.288935000000000000e+06 7.456827999999999790e+00
1.407760000000000000e+06 7.457295000000000229e+00
1.233908000000000000e+06 7.458779999999999966e+00
1.233342000000000000e+06 7.462469999999999715e+00
1.294969000000000000e+06 7.460715000000000430e+00
1.308528000000000000e+06 7.462734000000000201e+00
1.280910000000000000e+06 7.465211000000000041e+00
1.283128000000000000e+06 7.466205999999999676e+00
1.297101000000000000e+06 7.469409999999999883e+00
1.311788000000000000e+06 7.469122999999999735e+00
1.267392000000000000e+06 7.472362999999999644e+00
1.307004000000000000e+06 7.472474000000000061e+00
1.214119000000000000e+06 7.473199000000000147e+00
1.223725000000000000e+06 7.473612000000000144e+00
1.270018000000000000e+06 7.476634999999999920e+00
1.284778000000000000e+06 7.475215000000000387e+00
1.249901000000000000e+06 7.479703999999999908e+00
1.259578000000000000e+06 7.481275000000000119e+00
1.260221000000000000e+06 7.483240000000000336e+00
1.271936000000000000e+06 7.483976000000000184e+00
1.243899000000000000e+06 7.486055999999999599e+00
1.334021000000000000e+06 7.487292000000000058e+00
1.311810000000000000e+06 7.488642999999999716e+00
1.353338000000000000e+06 7.487930000000000419e+00
1.242487000000000000e+06 7.492472000000000243e+00
1.252134000000000000e+06 7.491189000000000320e+00
1.252244000000000000e+06 7.493929999999999758e+00
1.212020000000000000e+06 7.495274000000000214e+00
1.255517000000000000e+06 7.496415999999999968e+00
1.252627000000000000e+06 7.499818999999999569e+00
1.239420000000000000e+06 7.500322999999999851e+00
1.278044000000000000e+06 7.501928000000000374e+00
1.317835000000000000e+06 7.503065999999999569e+00
1.332027000000000000e+06 7.503460999999999714e+00
1.227655000000000000e+06 7.507024000000000363e+00
1.299836000000000000e+06 7.507172999999999874e+00
1.205553000000000000e+06 7.507623999999999853e+00
1.258309000000000000e+06 7.509409999999999918e+00
1.284155000000000000e+06 7.511340999999999823e+00
1.321536000000000000e+06 7.514329000000000036e+00
1.381683000000000000e+06 7.513669000000000153e+00
1.270927000000000000e+06 7.516727999999999632e+00
1.278741000000000000e+06 7.517051999999999623e+00
1.241344000000000000e+06 7.518815000000000026e+00
1.269703000000000000e+06 7.518333000000000155e+00
1.205515000000000000e+06 7.520043000000000255e+00
1.301279000000000000e+06 7.523668999999999940e+00
1.264668000000000000e+06 7.525434999999999874e+00
1.356718000000000000e+06 7.526830999999999605e+00
1.344554000000000000e+06 7.529721000000000330e+00
1.351200000000000000e+06 7.529567000000000121e+00
1.262864000000000000e+06 7.530810999999999922e+00
1.322757000000000000e+06 7.530818000000000012e+00
1.287053000000000000e+06 7.533897999999999762e+00
1.317091000000000000e+06 7.532853000000000243e+00
1.215752000000000000e+06 7.537372000000000405e+00
1.307439000000000000e+06 7.536147999999999847e+00
1.248596000000000000e+06 7.538522999999999641e+00
1.220793000000000000e+06 7.540822999999999610e+00
1.219420000000000000e+06 7.543582999999999927e+00
1.299728000000000000e+06 7.544201000000000157e+00
1.261450000000000000e+06 7.545672999999999853e+00
1.269064000000000000e+06 7.547879000000000005e+00
1.261740000000000000e+06 7.550207000000000335e+00
1.415308000000000000e+06 7.551978000000000080e+00
1.295274000000000000e+06 7.554132000000000069e+00
1.299174000000000000e+06 7.554740999999999929e+00
1.297799000000000000e+06 7.556129999999999569e+00
1.398122000000000000e+06 7.557184000000000346e+00
1.351915000000000000e+06 7.558705999999999925e+00
1.378751000000000000e+06 7.558017999999999681e+00
1.236037000000000000e+06 7.561830999999999747e+00
1.245038000000000000e+06 7.563240999999999659e+00
1.265732000000000000e+06 7.564871000000000123e+00
1.253713000000000000e+06 7.566336999999999868e+00
1.271046000000000000e+06 7.565553999999999668e+00
1.295254000000000000e+06 7.569549999999999557e+00
1.224402000000000000e+06 7.570375000000000298e+00
1.265273000000000000e+06 7.571162000000000170e+00
1.274179000000000000e+06 7.572854999999999670e+00
1.320306000000000000e+06 7.573818000000000161e+00
1.215706000000000000e+06 7.575636000000000259e+00
1.218135000000000000e+06 7.576343999999999745e+00
1.283516000000000000e+06 7.578058000000000405e+00
1.383047000000000000e+06 7.578041999999999945e+00
1.231332000000000000e+06 7.580072999999999617e+00
1.217021000000000000e+06 7.583465000000000344e+00
1.242972000000000000e+06 7.583808999999999578e+00
1.208527000000000000e+06 7.587271000000000321e+00
1.292609000000000000e+06 7.585475999999999885e+00
1.216408000000000000e+06 7.591922000000000281e+00
1.227787000000000000e+06 7.592170000000000307e+00
1.227437000000000000e+06 7.594527000000000250e+00
1.237457000000000000e+06 7.592577999999999605e+00
1.208489000000000000e+06 7.596549000000000440e+00
1.284541000000000000e+06 7.597522999999999804e+00
1.361084000000000000e+06 7.598749999999999893e+00
1.280717000000000000e+06 7.602311000000000263e+00
1.211821000000000000e+06 7.603172999999999959e+00
1.301777000000000000e+06 7.602966999999999587e+00
1.248065000000000000e+06 7.605434999999999945e+00
1.314476000000000000e+06 7.611477999999999966e+00
1.336371000000000000e+06 7.612241000000000035e+00
1.218444000000000000e+06 7.613785000000000025e+00
1.220973000000000000e+06 7.612784000000000439e+00
1.315343000000000000e+06 7.616158999999999679e+00
1.236167000000000000e+06 7.619583999999999691e+00
1.327510000000000000e+06 7.618267000000000344e+00
1.209775000000000000e+06 7.622091000000000172e+00
1.309710000000000000e+06 7.624624999999999986e+00
1.221350000000000000e+06 7.626992999999999689e+00
1.265082000000000000e+06 7.625626999999999711e+00
1.233860000000000000e+06 7.629737000000000435e+00
1.255690000000000000e+06 7.629909999999999748e+00
1.280771000000000000e+06 7.632374999999999687e+00
1.288631000000000000e+06 7.632101999999999720e+00
1.284840000000000000e+06 7.634555999999999898e+00
1.365898000000000000e+06 7.633052000000000170e+00
1.210648000000000000e+06 7.635474000000000316e+00
1.227603000000000000e+06 7.636656000000000333e+00
1.271896000000000000e+06 7.639266000000000112e+00
1.261952000000000000e+06 7.641760999999999804e+00
1.358287000000000000e+06 7.644453000000000387e+00
1.325357000000000000e+06 7.645734000000000030e+00
1.213039000000000000e+06 7.649905000000000399e+00
1.239477000000000000e+06 7.647533000000000136e+00
1.210843000000000000e+06 7.652464000000000155e+00
1.234280000000000000e+06 7.651271000000000377e+00
1.225330000000000000e+06 7.652643000000000306e+00
1.223759000000000000e+06 7.656959999999999766e+00
1.231687000000000000e+06 7.655037000000000091e+00
1.240975000000000000e+06 7.658425000000000260e+00
1.294466000000000000e+06 7.661826999999999721e+00
1.268343000000000000e+06 7.663903999999999606e+00
1.305029000000000000e+06 7.664025999999999783e+00
1.238040000000000000e+06 7.666119000000000128e+00
1.262493000000000000e+06 7.666502000000000372e+00
1.347560000000000000e+06 7.669991999999999699e+00
1.250950000000000000e+06 7.672352000000000061e+00
1.286419000000000000e+06 7.671753999999999962e+00
1.220206000000000000e+06 7.674788000000000388e+00
1.204248000000000000e+06 7.675950000000000273e+00
1.316967000000000000e+06 7.677240000000000286e+00
1.204260000000000000e+06 7.679940000000000211e+00
1.206450000000000000e+06 7.679717000000000127e+00
1.318616000000000000e+06 7.683206000000000202e+00
1.358102000000000000e+06 7.684012000000000064e+00
1.320379000000000000e+06 7.685589000000000226e+00
1.369999000000000000e+06 7.685106000000000215e+00
1.312427000000000000e+06 7.689499999999999780e+00
1.212030000000000000e+06 7.691244000000000192e+00
1.220812000000000000e+06 7.692065999999999626e+00
1.255624000000000000e+06 7.693132000000000303e+00
1.407707000000000000e+06 7.693323999999999607e+00
1.269520000000000000e+06 7.696170000000000400e+00
1.306009000000000000e+06 7.695719999999999672e+00
1.206977000000000000e+06 7.698725999999999736e+00
1.242820000000000000e+06 7.700116999999999656e+00
1.248821000000000000e+06 7.703642000000000323e+00
1.415740000000000000e+06 7.703153999999999613e+00
1.265485000000000000e+06 7.707405999999999757e+00
1.293709000000000000e+06 7.707442999999999600e+00
1.281275000000000000e+06 7.708092999999999861e+00
1.213889000000000000e+06 7.710407000000000011e+00
1.224405000000000000e+06 7.710302999999999685e+00
1.248169000000000000e+06 7.714891999999999861e+00
1.375937000000000000e+06 7.715021000000000129e+00
1.226886000000000000e+06 7.717137000000000135e+00
1.309763000000000000e+06 7.718818999999999875e+00
1.287242000000000000e+06 7.722273000000000387e+00
1.349827000000000000e+06 7.723113999999999812e+00
1.353422000000000000e+06 7.723149000000000264e+00
1.297154000000000000e+06 7.727583000000000091e+00
1.338849000000000000e+06 7.731023000000000422e+00
1.250005000000000000e+06 7.734547000000000061e+00
1.272415000000000000e+06 7.735686000000000284e+00
1.270250000000000000e+06 7.739971999999999852e+00
1.431437000000000000e+06 7.738356999999999708e+00
1.243543000000000000e+06 7.742179000000000144e+00
1.275938000000000000e+06 7.743149999999999977e+00
1.321543000000000000e+06 7.742696999999999719e+00
1.345604000000000000e+06 7.746997000000000355e+00
1.215861000000000000e+06 7.749305999999999806e+00
1.262616000000000000e+06 7.749157000000000295e+00
1.233493000000000000e+06 7.756958000000000020e+00
1.314542000000000000e+06 7.755639000000000394e+00
1.273172000000000000e+06 7.757723000000000368e+00
1.371599000000000000e+06 7.759621000000000102e+00
1.224080000000000000e+06 7.762036000000000158e+00
1.229365000000000000e+06 7.760511000000000159e+00
1.303748000000000000e+06 7.764362000000000208e+00
1.424689000000000000e+06 7.764213999999999949e+00
1.229442000000000000e+06 7.765679999999999694e+00
1.312051000000000000e+06 7.766435000000000421e+00
1.207591000000000000e+06 7.768800999999999846e+00
1.234109000000000000e+06 7.769798999999999900e+00
1.232802000000000000e+06 7.770188000000000095e+00
1.270778000000000000e+06 7.772281000000000439e+00
1.267411000000000000e+06 7.774426000000000059e+00
1.211096000000000000e+06 7.781855000000000189e+00
1.283011000000000000e+06 7.781045999999999907e+00
1.225121000000000000e+06 7.784672999999999732e+00
1.258388000000000000e+06 7.782858000000000054e+00
1.232002000000000000e+06 7.786234000000000322e+00
1.232210000000000000e+06 7.786913000000000196e+00
1.322456000000000000e+06 7.792606000000000144e+00
1.423871000000000000e+06 7.793859999999999566e+00
1.307173000000000000e+06 7.797392000000000323e+00
1.298766000000000000e+06 7.797919000000000267e+00
1.348029000000000000e+06 7.799765999999999977e+00
1.261540000000000000e+06 7.802722000000000158e+00
1.322682000000000000e+06 7.803300000000000125e+00
1.228085000000000000e+06 7.806861999999999746e+00
1.384965000000000000e+06 7.806186000000000291e+00
1.270394000000000000e+06 7.809928000000000203e+00
1.207930000000000000e+06 7.810654000000000430e+00
1.236321000000000000e+06 7.810913000000000217e+00
1.226919000000000000e+06 7.814329999999999998e+00
1.224436000000000000e+06 7.815928999999999682e+00
1.276974000000000000e+06 7.815324999999999633e+00
1.446057000000000000e+06 7.819431999999999938e+00
1.300322000000000000e+06 7.821636999999999951e+00
1.402429000000000000e+06 7.820306999999999675e+00
1.374666000000000000e+06 7.823615000000000208e+00
1.397721000000000000e+06 7.824968000000000146e+00
1.320577000000000000e+06 7.825743000000000116e+00
1.438865000000000000e+06 7.829012999999999778e+00
1.224473000000000000e+06 7.831290000000000084e+00
1.256429000000000000e+06 7.833160999999999596e+00
1.408171000000000000e+06 7.832656000000000063e+00
1.272482000000000000e+06 7.837485000000000035e+00
1.293310000000000000e+06 7.835088999999999970e+00
1.238728000000000000e+06 7.839682999999999957e+00
1.332599000000000000e+06 7.839222999999999608e+00
1.251778000000000000e+06 7.841652999999999984e+00
1.276213000000000000e+06 7.841342000000000034e+00
1.319932000000000000e+06 7.843055999999999806e+00
1.223705000000000000e+06 7.847218999999999944e+00
1.259271000000000000e+06 7.846720999999999613e+00
1.213407000000000000e+06 7.849782000000000259e+00
1.297863000000000000e+06 7.849056000000000033e+00
1.441124000000000000e+06 7.851939999999999920e+00
1.447668000000000000e+06 7.852618999999999794e+00
1.586798000000000000e+06 7.853505000000000180e+00
1.328409000000000000e+06 7.857109000000000343e+00
1.216842000000000000e+06 7.857855999999999952e+00
1.304470000000000000e+06 7.860561999999999827e+00
1.317196000000000000e+06 7.860490000000000421e+00
1.216097000000000000e+06 7.864253999999999856e+00
1.322649000000000000e+06 7.862942999999999572e+00
1.220599000000000000e+06 7.865762000000000143e+00
1.327482000000000000e+06 7.866962000000000010e+00
1.203835000000000000e+06 7.869360000000000355e+00
1.535646000000000000e+06 7.868494000000000099e+00
1.436043000000000000e+06 7.870897000000000254e+00
1.283407000000000000e+06 7.877105000000000246e+00
1.294857000000000000e+06 7.879406999999999606e+00
1.375372000000000000e+06 7.879719999999999835e+00
1.212216000000000000e+06 7.881489000000000189e+00
1.252966000000000000e+06 7.881992000000000331e+00
1.256093000000000000e+06 7.882715000000000138e+00
1.258176000000000000e+06 7.883094999999999963e+00
1.261716000000000000e+06 7.886166000000000231e+00
1.279848000000000000e+06 7.886694000000000315e+00
1.257537000000000000e+06 7.887838000000000349e+00
1.387482000000000000e+06 7.891066999999999609e+00
1.336802000000000000e+06 7.893601999999999563e+00
1.271374000000000000e+06 7.895575000000000010e+00
1.291105000000000000e+06 7.899483000000000033e+00
1.303147000000000000e+06 7.901073000000000235e+00
1.254041000000000000e+06 7.904796000000000156e+00
1.305163000000000000e+06 7.905234000000000094e+00
1.422293000000000000e+06 7.908491999999999855e+00
1.252371000000000000e+06 7.910817999999999905e+00
1.247597000000000000e+06 7.914805999999999564e+00
1.256928000000000000e+06 7.913603000000000165e+00
1.343000000000000000e+06 7.917218000000000089e+00
1.380097000000000000e+06 7.918001000000000289e+00
1.513038000000000000e+06 7.917576999999999643e+00
1.283924000000000000e+06 7.921372999999999998e+00
1.256861000000000000e+06 7.922820999999999891e+00
1.222457000000000000e+06 7.925677999999999557e+00
1.411712000000000000e+06 7.926541000000000281e+00
1.332488000000000000e+06 7.928854000000000291e+00
1.426082000000000000e+06 7.928105999999999653e+00
1.326512000000000000e+06 7.931078000000000294e+00
1.222921000000000000e+06 7.935781000000000418e+00
1.340296000000000000e+06 7.938336999999999755e+00
1.540909000000000000e+06 7.942549999999999777e+00
1.347512000000000000e+06 7.946120999999999768e+00
1.244198000000000000e+06 7.947944999999999816e+00
1.445846000000000000e+06 7.951245000000000118e+00
1.459143000000000000e+06 7.952271999999999785e+00
1.245467000000000000e+06 7.954710999999999643e+00
1.327908000000000000e+06 7.954621999999999638e+00
1.412715000000000000e+06 7.955701000000000356e+00
1.429181000000000000e+06 7.956726999999999883e+00
1.233172000000000000e+06 7.959348999999999563e+00
1.442881000000000000e+06 7.961344000000000420e+00
1.349711000000000000e+06 7.964171000000000333e+00
1.266263000000000000e+06 7.966880999999999879e+00
1.287375000000000000e+06 7.967082999999999693e+00
1.305732000000000000e+06 7.967983000000000260e+00
1.446355000000000000e+06 7.968981000000000314e+00
1.203288000000000000e+06 7.971307000000000365e+00
1.238795000000000000e+06 7.972020999999999802e+00
1.329719000000000000e+06 7.974928000000000239e+00
1.338441000000000000e+06 7.975946000000000424e+00
1.389901000000000000e+06 7.975732999999999961e+00
1.359452000000000000e+06 7.979134000000000171e+00
1.445020000000000000e+06 7.977750000000000341e+00
1.203700000000000000e+06 7.981630000000000003e+00
1.222377000000000000e+06 7.981325000000000003e+00
1.335408000000000000e+06 7.984740000000000393e+00
1.204502000000000000e+06 7.985383999999999816e+00
1.261603000000000000e+06 7.987537999999999805e+00
1.292746000000000000e+06 7.989499999999999602e+00
1.219341000000000000e+06 7.993882000000000154e+00
1.272902000000000000e+06 7.994182000000000343e+00
1.214239000000000000e+06 7.996260000000000367e+00
1.217794000000000000e+06 7.996513000000000204e+00
1.204831000000000000e+06 7.998783000000000420e+00
1.225008000000000000e+06 7.998217000000000354e+00
1.251829000000000000e+06 8.001345999999999847e+00
1.451330000000000000e+06 8.001454000000000732e+00
1.262823000000000000e+06 8.004580000000000695e+00
1.263477000000000000e+06 8.002573999999999188e+00
1.232736000000000000e+06 8.005931000000000353e+00
1.238662000000000000e+06 8.007327999999999335e+00
1.207370000000000000e+06 8.007614999999999483e+00
1.331270000000000000e+06 8.007683000000000106e+00
1.769274000000000000e+06 8.011093999999999937e+00
1.205403000000000000e+06 8.014663999999999788e+00
1.342335000000000000e+06 8.014965000000000117e+00
1.289021000000000000e+06 8.015784000000000020e+00
1.293337000000000000e+06 8.017137999999999209e+00
1.275658000000000000e+06 8.019019999999999371e+00
1.235651000000000000e+06 8.025028000000000716e+00
1.247101000000000000e+06 8.023379999999999512e+00
1.245371000000000000e+06 8.026502999999999943e+00
1.292334000000000000e+06 8.027919000000000693e+00
1.404374000000000000e+06 8.032263999999999626e+00
1.553178000000000000e+06 8.030393000000000114e+00
1.250979000000000000e+06 8.033922000000000452e+00
1.278461000000000000e+06 8.033096999999999710e+00
1.653244000000000000e+06 8.038130999999999915e+00
1.227368000000000000e+06 8.044978999999999658e+00
1.242862000000000000e+06 8.043756999999999380e+00
1.229995000000000000e+06 8.045655000000000001e+00
1.659045000000000000e+06 8.047368999999999772e+00
1.249953000000000000e+06 8.049091000000000662e+00
1.378757000000000000e+06 8.051728000000000662e+00
1.255712000000000000e+06 8.054164000000000101e+00
1.313026000000000000e+06 8.052576000000000178e+00
1.233410000000000000e+06 8.056300000000000239e+00
1.359523000000000000e+06 8.056150999999999840e+00
1.245179000000000000e+06 8.057904000000000622e+00
1.282827000000000000e+06 8.059525999999999968e+00
1.207326000000000000e+06 8.060173000000000698e+00
1.464553000000000000e+06 8.063608000000000331e+00
1.310545000000000000e+06 8.065701999999999927e+00
1.399906000000000000e+06 8.067119999999999180e+00
1.400042000000000000e+06 8.069067999999999685e+00
1.314572000000000000e+06 8.071089000000000624e+00
1.470493000000000000e+06 8.072390999999999650e+00
1.237829000000000000e+06 8.075433999999999557e+00
1.305718000000000000e+06 8.077683000000000391e+00
1.357049000000000000e+06 8.079729000000000383e+00
1.240181000000000000e+06 8.080463999999999203e+00
1.229446000000000000e+06 8.084680000000000533e+00
1.251557000000000000e+06 8.084317000000000419e+00
1.274314000000000000e+06 8.087021999999999267e+00
1.284947000000000000e+06 8.088141000000000247e+00
1.466059000000000000e+06 8.087593000000000032e+00
1.214167000000000000e+06 8.091644000000000503e+00
1.328205000000000000e+06 8.091253999999999280e+00
1.284923000000000000e+06 8.094177000000000177e+00
1.266194000000000000e+06 8.095947999999999922e+00
1.291311000000000000e+06 8.095693000000000694e+00
1.203740000000000000e+06 8.100251000000000090e+00
1.229737000000000000e+06 8.102508999999999517e+00
1.364608000000000000e+06 8.103363999999999123e+00
1.296872000000000000e+06 8.108532000000000295e+00
1.323835000000000000e+06 8.111198999999999160e+00
1.206226000000000000e+06 8.113507999999999498e+00
1.236966000000000000e+06 8.113678999999999419e+00
1.410536000000000000e+06 8.117197000000000884e+00
1.610175000000000000e+06 8.119576999999999600e+00
1.648915000000000000e+06 8.119934999999999903e+00
1.352679000000000000e+06 8.122006000000000725e+00
1.270783000000000000e+06 8.123810999999999893e+00
1.496212000000000000e+06 8.123796000000000461e+00
1.300700000000000000e+06 8.128083999999999421e+00
1.216168000000000000e+06 8.131479999999999819e+00
1.284813000000000000e+06 8.132270999999999361e+00
1.357408000000000000e+06 8.134448000000000789e+00
1.391266000000000000e+06 8.133675000000000210e+00
1.230805000000000000e+06 8.135714999999999364e+00
1.235426000000000000e+06 8.137384000000000839e+00
1.251290000000000000e+06 8.139350999999999559e+00
1.377608000000000000e+06 8.140178000000000580e+00
1.336608000000000000e+06 8.144652999999999921e+00
1.346358000000000000e+06 8.144420000000000215e+00
1.324069000000000000e+06 8.152077000000000240e+00
1.334238000000000000e+06 8.153128000000000597e+00
1.551877000000000000e+06 8.154913000000000523e+00
1.242085000000000000e+06 8.155957000000000789e+00
1.260876000000000000e+06 8.155563000000000784e+00
1.249401000000000000e+06 8.158153999999999684e+00
1.394630000000000000e+06 8.160043999999999187e+00
1.205842000000000000e+06 8.163304999999999367e+00
1.288107000000000000e+06 8.164742999999999640e+00
1.452376000000000000e+06 8.167275999999999314e+00
1.623597000000000000e+06 8.167051000000000727e+00
1.211001000000000000e+06 8.169774000000000314e+00
1.206969000000000000e+06 8.172371999999999304e+00
1.207521000000000000e+06 8.171606000000000591e+00
1.351477000000000000e+06 8.174709999999999255e+00
1.677586000000000000e+06 8.172999000000000791e+00
1.215194000000000000e+06 8.175364999999999327e+00
1.204225000000000000e+06 8.179973000000000383e+00
1.389795000000000000e+06 8.178262999999999394e+00
1.414217000000000000e+06 8.181241999999999237e+00
1.749258000000000000e+06 8.182423000000000002e+00
1.597204000000000000e+06 8.184409000000000489e+00
1.236067000000000000e+06 8.186623000000000872e+00
1.208573000000000000e+06 8.189690999999999832e+00
1.228744000000000000e+06 8.191558999999999813e+00
1.263725000000000000e+06 8.190165000000000362e+00
1.380394000000000000e+06 8.194267999999999219e+00
1.256739000000000000e+06 8.196853000000000833e+00
1.303471000000000000e+06 8.195639999999999148e+00
1.441089000000000000e+06 8.199730999999999881e+00
1.462260000000000000e+06 8.199761000000000521e+00
1.272662000000000000e+06 8.201171000000000433e+00
1.372353000000000000e+06 8.200119000000000824e+00
1.296233000000000000e+06 8.202723999999999904e+00
1.426052000000000000e+06 8.204776999999999987e+00
1.257194000000000000e+06 8.205178000000000083e+00
1.701795000000000000e+06 8.207214000000000453e+00
1.309077000000000000e+06 8.212367000000000417e+00
1.397224000000000000e+06 8.212407000000000679e+00
1.213637000000000000e+06 8.212744000000000710e+00
1.310712000000000000e+06 8.216433999999999571e+00
1.336402000000000000e+06 8.216238999999999848e+00
1.225255000000000000e+06 8.219457000000000235e+00
1.265874000000000000e+06 8.218324000000000851e+00
1.549666000000000000e+06 8.221515999999999380e+00
1.555747000000000000e+06 8.222972999999999644e+00
1.234525000000000000e+06 8.226884000000000086e+00
1.282431000000000000e+06 8.229089000000000098e+00
1.355424000000000000e+06 8.229457999999999274e+00
1.209655000000000000e+06 8.230138000000000176e+00
1.337156000000000000e+06 8.230499000000000009e+00
1.296750000000000000e+06 8.233656999999999115e+00
1.330573000000000000e+06 8.236846999999999142e+00
1.421742000000000000e+06 8.237465000000000259e+00
1.234721000000000000e+06 8.239064000000000831e+00
1.241141000000000000e+06 8.240145999999999304e+00
1.304878000000000000e+06 8.242034000000000304e+00
1.212119000000000000e+06 8.244982000000000255e+00
1.262869000000000000e+06 8.245091000000000392e+00
1.270461000000000000e+06 8.246223999999999776e+00
1.220433000000000000e+06 8.249940000000000495e+00
1.273367000000000000e+06 8.249131999999999465e+00
1.284512000000000000e+06 8.251079999999999970e+00
1.345493000000000000e+06 8.250095999999999208e+00
1.376726000000000000e+06 8.253216000000000108e+00
1.238465000000000000e+06 8.256453000000000486e+00
1.585728000000000000e+06 8.255397999999999570e+00
1.456727000000000000e+06 8.259510000000000574e+00
1.332999000000000000e+06 8.261696999999999846e+00
1.288959000000000000e+06 8.264262999999999693e+00
1.392431000000000000e+06 8.264950000000000685e+00
1.323638000000000000e+06 8.265634000000000370e+00
1.395356000000000000e+06 8.267082999999999515e+00
1.283680000000000000e+06 8.267652999999999253e+00
1.811989000000000000e+06 8.269144000000000716e+00
1.238454000000000000e+06 8.271447999999999467e+00
1.259539000000000000e+06 8.270758000000000720e+00
1.290110000000000000e+06 8.274558999999999997e+00
1.363940000000000000e+06 8.274017999999999873e+00
1.301128000000000000e+06 8.277155999999999736e+00
1.314781000000000000e+06 8.275859000000000520e+00
1.272258000000000000e+06 8.278138999999999470e+00
1.246481000000000000e+06 8.281050000000000466e+00
1.250647000000000000e+06 8.281252000000000280e+00
1.335081000000000000e+06 8.284473000000000198e+00
1.371246000000000000e+06 8.283125999999999323e+00
1.211743000000000000e+06 8.286210999999999771e+00
1.213367000000000000e+06 8.286913999999999447e+00
1.397697000000000000e+06 8.287717999999999918e+00
1.206519000000000000e+06 8.293537999999999855e+00
1.262318000000000000e+06 8.293423999999999907e+00
1.453799000000000000e+06 8.297150999999999499e+00
1.490750000000000000e+06 8.295844999999999914e+00
1.218021000000000000e+06 8.298522999999999428e+00
1.269632000000000000e+06 8.297928000000000637e+00
1.313671000000000000e+06 8.301517000000000479e+00
1.374044000000000000e+06 8.300107999999999819e+00
1.302904000000000000e+06 8.303924000000000305e+00
1.344156000000000000e+06 8.302718000000000487e+00
1.283075000000000000e+06 8.306974000000000302e+00
1.320616000000000000e+06 8.307480999999999227e+00
1.218035000000000000e+06 8.307639999999999247e+00
1.576158000000000000e+06 8.310404000000000124e+00
1.581494000000000000e+06 8.310696000000000083e+00
1.358783000000000000e+06 8.314624000000000237e+00
1.375406000000000000e+06 8.314692000000000860e+00
1.334621000000000000e+06 8.315105000000000857e+00
1.373536000000000000e+06 8.315680000000000405e+00
1.300891000000000000e+06 8.318889000000000422e+00
1.369024000000000000e+06 8.318310000000000315e+00
1.265692000000000000e+06 8.322392000000000678e+00
1.428846000000000000e+06 8.322323000000000803e+00
1.205567000000000000e+06 8.323658999999999253e+00
1.248673000000000000e+06 8.323164000000000229e+00
1.252672000000000000e+06 8.326081000000000287e+00
1.244939000000000000e+06 8.329423999999999495e+00
1.399715000000000000e+06 8.329314000000000107e+00
1.360948000000000000e+06 8.330114999999999270e+00
1.496652000000000000e+06 8.330947000000000102e+00
1.312761000000000000e+06 8.333014000000000365e+00
1.228510000000000000e+06 8.335976999999999748e+00
1.243179000000000000e+06 8.335803000000000296e+00
1.441855000000000000e+06 8.341214000000000794e+00
1.478250000000000000e+06 8.342428999999999206e+00
1.220520000000000000e+06 8.344506000000000867e+00
1.356846000000000000e+06 8.345230000000000814e+00
1.233920000000000000e+06 8.348226999999999620e+00
1.306672000000000000e+06 8.349928000000000239e+00
1.315326000000000000e+06 8.351608000000000587e+00
1.273896000000000000e+06 8.353308999999999429e+00
1.579768000000000000e+06 8.354848999999999748e+00
1.248168000000000000e+06 8.356723000000000567e+00
1.270234000000000000e+06 8.356598999999999222e+00
1.222287000000000000e+06 8.358292000000000499e+00
1.277202000000000000e+06 8.358563999999999439e+00
1.215100000000000000e+06 8.361765999999999366e+00
1.234212000000000000e+06 8.360799999999999343e+00
1.288215000000000000e+06 8.363848000000000837e+00
1.230420000000000000e+06 8.365271999999999153e+00
1.327676000000000000e+06 8.366533999999999693e+00
1.268961000000000000e+06 8.369699000000000666e+00
1.285660000000000000e+06 8.370566999999999425e+00
1.311486000000000000e+06 8.370869000000000781e+00
1.387637000000000000e+06 8.373924999999999841e+00
1.436026000000000000e+06 8.373419000000000167e+00
1.264041000000000000e+06 8.376060999999999979e+00
1.415236000000000000e+06 8.376538000000000039e+00
1.358485000000000000e+06 8.378567999999999572e+00
1.401476000000000000e+06 8.379080999999999335e+00
1.243769000000000000e+06 8.380387999999999948e+00
1.300014000000000000e+06 8.380881999999999721e+00
1.363435000000000000e+06 8.383445999999999287e+00
1.272538000000000000e+06 8.388859000000000066e+00
1.309212000000000000e+06 8.387836000000000070e+00
1.244920000000000000e+06 8.391975999999999658e+00
1.246499000000000000e+06 8.391821999999999449e+00
1.681965000000000000e+06 8.394171000000000049e+00
1.366742000000000000e+06 8.396070999999999174e+00
1.420424000000000000e+06 8.396406999999999954e+00
1.253626000000000000e+06 8.399297000000000679e+00
1.322506000000000000e+06 8.399452999999999392e+00
1.231600000000000000e+06 8.401837000000000444e+00
1.318678000000000000e+06 8.400593000000000643e+00
1.370397000000000000e+06 8.403480999999999312e+00
1.271058000000000000e+06 8.406423000000000201e+00
1.506555000000000000e+06 8.407215000000000771e+00
1.404554000000000000e+06 8.409997000000000611e+00
1.205105000000000000e+06 8.410275000000000389e+00
1.212948000000000000e+06 8.410515000000000185e+00
1.402871000000000000e+06 8.412775999999999144e+00
1.488339000000000000e+06 8.414896999999999849e+00
1.216772000000000000e+06 8.417773000000000394e+00
1.461433000000000000e+06 8.420859999999999346e+00
1.260182000000000000e+06 8.422857999999999734e+00
1.239900000000000000e+06 8.426766000000000645e+00
1.247415000000000000e+06 8.426921999999999358e+00
1.261931000000000000e+06 8.429446000000000438e+00
1.312553000000000000e+06 8.431167000000000300e+00
1.257478000000000000e+06 8.435031999999999641e+00
1.218935000000000000e+06 8.438045999999999935e+00
1.268624000000000000e+06 8.439564000000000732e+00
1.408327000000000000e+06 8.440583999999999421e+00
1.345880000000000000e+06 8.443028999999999229e+00
1.295644000000000000e+06 8.446111999999999398e+00
1.307794000000000000e+06 8.446823999999999444e+00
1.458879000000000000e+06 8.452071999999999363e+00
1.287283000000000000e+06 8.453898999999999830e+00
1.294465000000000000e+06 8.454534000000000660e+00
1.210542000000000000e+06 8.458049000000000817e+00
1.237656000000000000e+06 8.460039999999999338e+00
1.607244000000000000e+06 8.463886000000000465e+00
1.633849000000000000e+06 8.464591999999999672e+00
1.219261000000000000e+06 8.466606999999999772e+00
1.317599000000000000e+06 8.466286999999999452e+00
1.317493000000000000e+06 8.467983999999999511e+00
1.339312000000000000e+06 8.469810999999999979e+00
1.307943000000000000e+06 8.471762999999999266e+00
1.548386000000000000e+06 8.473470000000000724e+00
1.444626000000000000e+06 8.475906000000000162e+00
1.466912000000000000e+06 8.475785000000000124e+00
1.348481000000000000e+06 8.478910000000000835e+00
1.207408000000000000e+06 8.481640000000000512e+00
1.313418000000000000e+06 8.480299999999999727e+00
1.267960000000000000e+06 8.484977999999999909e+00
1.212386000000000000e+06 8.487265000000000725e+00
1.286093000000000000e+06 8.486271000000000342e+00
1.405709000000000000e+06 8.488206999999999169e+00
1.405742000000000000e+06 8.489442999999999628e+00
1.341410000000000000e+06 8.490437000000000012e+00
1.411676000000000000e+06 8.491730999999999696e+00
1.240270000000000000e+06 8.494376000000000815e+00
1.368832000000000000e+06 8.493807999999999581e+00
1.209503000000000000e+06 8.500709000000000515e+00
1.318959000000000000e+06 8.503890999999999423e+00
1.477097000000000000e+06 8.504291999999999518e+00
1.238848000000000000e+06 8.508651000000000408e+00
1.494356000000000000e+06 8.511094999999999189e+00
1.294740000000000000e+06 8.514647999999999328e+00
1.216594000000000000e+06 8.515157999999999561e+00
1.555947000000000000e+06 8.516175999999999746e+00
1.386068000000000000e+06 8.517658000000000840e+00
1.223633000000000000e+06 8.520440999999999931e+00
1.338375000000000000e+06 8.521948000000000079e+00
1.214142000000000000e+06 8.525330999999999548e+00
1.411612000000000000e+06 8.526445000000000718e+00
1.209449000000000000e+06 8.528245999999999327e+00
1.364799000000000000e+06 8.530181000000000680e+00
1.274669000000000000e+06 8.534649999999999181e+00
1.280097000000000000e+06 8.532828000000000301e+00
1.267064000000000000e+06 8.539621999999999602e+00
1.243390000000000000e+06 8.540722000000000591e+00
1.410477000000000000e+06 8.542728000000000321e+00
1.463254000000000000e+06 8.543034000000000461e+00
1.216251000000000000e+06 8.545738000000000056e+00
1.331049000000000000e+06 8.549001999999999768e+00
1.247606000000000000e+06 8.552129000000000758e+00
1.226262000000000000e+06 8.554878000000000426e+00
1.326718000000000000e+06 8.554259000000000057e+00
1.255599000000000000e+06 8.557308000000000803e+00
1.230618000000000000e+06 8.559787999999999286e+00
1.300051000000000000e+06 8.557691999999999410e+00
1.235619000000000000e+06 8.561709000000000458e+00
1.248472000000000000e+06 8.562328000000000827e+00
1.409485000000000000e+06 8.568647000000000347e+00
1.524341000000000000e+06 8.568875999999999493e+00
1.457452000000000000e+06 8.572488999999999137e+00
1.366836000000000000e+06 8.574714999999999421e+00
1.331539000000000000e+06 8.578426000000000329e+00
1.815008000000000000e+06 8.582060000000000244e+00
1.403883000000000000e+06 8.583436000000000732e+00
1.474951000000000000e+06 8.585922000000000054e+00
1.259284000000000000e+06 8.588333000000000439e+00
1.316286000000000000e+06 8.589911999999999992e+00
1.271229000000000000e+06 8.590313999999999339e+00
1.414641000000000000e+06 8.590915000000000745e+00
1.448049000000000000e+06 8.598330999999999946e+00
1.412239000000000000e+06 8.601867999999999626e+00
1.426900000000000000e+06 8.603718999999999895e+00
1.236839000000000000e+06 8.609519000000000588e+00
1.610494000000000000e+06 8.609885999999999484e+00
1.281039000000000000e+06 8.611822000000000088e+00
1.385821000000000000e+06 8.612225000000000463e+00
1.212457000000000000e+06 8.613523000000000707e+00
1.259039000000000000e+06 8.614489999999999981e+00
1.218083000000000000e+06 8.619592000000000809e+00
1.221322000000000000e+06 8.619001000000000801e+00
1.488061000000000000e+06 8.621299000000000490e+00
1.350747000000000000e+06 8.627366000000000312e+00
1.461621000000000000e+06 8.627565000000000595e+00
1.387225000000000000e+06 8.630483999999999156e+00
1.245991000000000000e+06 8.634888000000000119e+00
1.203229000000000000e+06 8.639200000000000657e+00
1.383831000000000000e+06 8.637803999999999149e+00
1.419011000000000000e+06 8.644876999999999256e+00
1.255150000000000000e+06 8.647741999999999152e+00
1.272519000000000000e+06 8.648452000000000695e+00
1.433098000000000000e+06 8.652025999999999328e+00
1.442579000000000000e+06 8.663876000000000133e+00
1.312885000000000000e+06 8.676546000000000092e+00
